studied_case='Acc'
-0.0, 0.0004714757190004715, 0.0009417969485778867, -0.0, 0.0069359445124439, -0.0, 0.00035542918073573843, -0.0, -0.0, -0.0, -0.0, -0.0, -0.0, -0.0, -0.0, -0.0, -0.0, 0.073000022674289, 0.01877313057762694, -0.0, 0.6162709497206704, 0.2697841726618705, 0.001607717041800643, 0.00019362958660083262, -0.0, 0.008832870186581977, -0.0, 0.002832861189801694
5.306146612486276e-05, 0.002461566758290692, 0.002914489267890409, 7.597012828947491e-06, 0.012342605782937768, 7.281624093437801e-06, 0.008819497621113026, 0.006809898319364969, 0.0001662746059997777, 0.00044370913147175436, 0.0011641279261757533, 0.00015630440987953378, 0.0015089789914366528, 0.010923143888005558, 0.00422632330407218, 0.006479803285277811, 0.0001470256861627914, 0.08665293254961746, 0.040354749490728294, 0.0003144090547122483, 0.5772396984762228, 0.20985120227639686, 0.007605154971092888, 0.0018220303482159041, 0.00057254728199068, 0.011407270523846446, 0.00013565304058622848, 0.005412662905464007


studied_case='Dat'
-0.0, 0.000661011347361463, 0.0017452006980802793, 0.01020408163265306, -0.0, -0.0, -0.0, -0.0, -0.0, -0.0, -0.0, -0.0, -0.0, -0.0, -0.0, 0.1032170098594466, -0.0, -0.0, 0.15109252295371126, 0.003849114703618168, -0.0, 0.02377179080824089, 0.692681290594405, 0.0012077294685990338, -0.0, -0.0, 0.011570247933884297, -0.0, -0.0
2.2866656173571724e-05, 0.004020543485144299, 0.009549496273652727, 0.019975462716805673, 5.484506816693523e-07, 0.005159428976185519, 2.4404796292620016e-06, 0.01486520340401714, 1.2299101858086812e-05, 0.00038011964464989526, 0.0021200422230404415, 0.0004391984588218901, 0.0003072461341954552, 0.004424044449995862, 0.006767539646043443, 0.1444673252460029, 3.338002083262728e-05, 6.813536225300931e-05, 0.15050391274906294, 0.019342427249647517, 0.00014489890829210865, 0.057147393497399696, 0.523651846087747, 0.0069841509016588, 0.005775674339991336, 0.00038601349493689154, 0.018577272873154374, 5.6315467522437856e-05, 0.004814773700603849


studied_case='Nom'
-0.0, 0.005875440658049354, 0.009009009009009009, -0.0, -0.0, 0.024518388791593695, -0.0, -0.0, 0.006209810766121624, -0.0, 0.0024271844660194173, -0.0, 0.000452980612429788, -0.0, -0.0, 8.55334435764384e-05, -0.0, 0.0015760441292356187, -0.0, -0.0, 0.05172413793103448, 0.684204074070354, -0.0, 0.06989618556982588, 0.03684841656258346, 0.00023636471074868522, 0.006750241080038573, -0.0, 0.08826144751418406, 0.0020028612303290413, 0.009921879454866864
8.369435693032788e-05, 0.00717418207606834, 0.011401805356282914, 2.1665922237769032e-05, 1.852871159654917e-05, 0.033074121607021376, 2.995210060071933e-07, 2.0099040029650105e-07, 0.007343014426921604, 8.959870948484332e-05, 0.03543430285861541, 0.00032623370194673874, 0.0016012528997138488, 0.0026916019883768566, 0.0008830819794072687, 0.002022372963863946, 0.002274058048980596, 0.005744010287931816, 0.001071606161108886, 0.0008828801433307583, 0.08182043881332546, 0.5584354542939565, 0.00020120133449011627, 0.07508846782400987, 0.05188761142816834, 0.0030903245550909296, 0.010690607943191183, 0.0005619917119507206, 0.08342460401664933, 0.008156111328653477, 0.014504674039288106


studied_case='Gen'
-0.0, 5.465376837732962e-05, 0.00025660764690787786, 0.005555555555555556, -0.0, -0.0, -0.0, -0.0, -0.0, -0.0, -0.0, -0.0, 0.00022548449497406927, -0.0, -0.0, 0.7553956834532374, 0.02368486661680379, -0.0, 0.030303030303030304, 0.17888198757763976, -0.0, -0.0, -0.0, 0.0056421305834738755, -0.0, -0.0
3.795368057427282e-05, 0.0019291239786653985, 0.0016274939791097534, 0.01069779700105311, 0.0009876878443823734, 0.009465839957705342, 4.38555135035599e-05, 0.0007745051621819135, 0.0012234237342180043, 0.0005607043769750124, 0.0011874969809991818, 0.011958903562797354, 0.006066644133052594, 0.008854628925775992, 8.58684257621563e-05, 0.6764105786367022, 0.04031890921716305, 0.0004265270437239589, 0.05591924709234838, 0.1519786519740963, 0.0033594090599193024, 0.001978820169471476, 0.0015821927919516502, 0.010365019599844557, 0.00042633317161399855, 0.0017323839864088028


studied_case='Abs'
-0.0, 0.0015552099533437014, 0.008928571428571428, 0.01080773606370876, -0.0, 0.007776049766718507, -0.0, -0.0, -0.0, -0.0, -0.0, -0.0, 0.019340159271899887, 0.28882614317283545, 0.5193401592718999, 0.10442753612107791, -0.0, -0.0, -0.0, 0.038429606736064936, 0.0005688282138794084, -0.0
0.0013888888888888887, 0.0013076317569094538, 0.005511028877409684, 0.011655304433923507, 0.0021664625825145445, 0.036238179171322785, 0.0003034161070538248, 0.0007175903447866494, 0.0014632413369828447, 0.0001890007253579704, 0.00040413989885910626, 0.0007168160161939323, 0.03282397868636543, 0.2723031594810534, 0.36743239364281266, 0.22449506161598626, 0.0003702509774282809, 0.0015959940114523112, 0.00010368066355624676, 0.03549495320298933, 0.0010427872697008956, 0.0022760403084519714


studied_case='Erg'
0.002577319587628866, -0.0, -0.0, -0.0, 0.005154639175257732, 0.9768041237113402, 0.012631056335971497, 0.0028328611898017, -0.0
0.0024730620455461604, 0.0005955834379987546, 0.0004178338860653713, 0.0003147623544224111, 0.007185958989769794, 0.9240229923907707, 0.005152860159598114, 0.059447506361116, 0.00038944037471283423


studied_case='Loc'
-0.0, 0.0024824162184526274, 0.0043859649122807015, -0.0, 0.005194805194805195, -0.0, -0.0, -0.0, -0.0, -0.0, -0.0, -0.0, -0.0, 0.00031928480204342275, -0.0, -0.0, -0.0, 0.18614110704872683, -0.0, -0.0, -0.0, 0.7703107714587087, 0.0024307243558580457, 0.0026954177897574125, -0.0, 0.026039508219367315, -0.0, -0.0
2.8401768504435905e-05, 0.004068309578315295, 0.007824630867270936, 5.3101104502973656e-05, 0.015245803717880741, 4.5821114369501466e-05, 0.0017948929312715904, 5.295897780467151e-05, 0.012092181449077017, 0.0005034527160626666, 0.0024670135026772897, 0.0008605037463174505, 0.0008933584927334743, 0.011079337635944271, 0.006626863794034365, 0.0006760074413187637, 8.364915282389088e-05, 0.1685560662165413, 0.007002701123647426, 0.0003135768717408388, 0.01755610646263764, 0.6929751391333142, 0.006060572315975385, 0.005021196883010321, 0.00024316311459069657, 0.035935379341198816, 0.0003082027106839985, 0.0016316078357502936


studied_case='Ins'
-0.0, 0.0008403361344537816, 0.0011111111111111111, 0.007194244604316547, -0.0, -0.0, -0.0, -0.0, -0.0, -0.0, -0.0, -0.0, -0.0, -0.0, -0.0, 0.20203355367580544, -0.0, -0.0, 0.0053404539385847796, 0.7552978439337557, 0.0033613445378151263, 0.0014424272569012683, -0.0, 0.019590806019377488, -0.0, 0.003787878787878808
4.15859246890753e-05, 0.0058874258531474545, 0.006185091348312006, 0.008720288881841738, 0.0024682488900260122, 0.004585469913368012, 0.0009638966772291668, 0.0023651269182424894, 0.0003331951739189062, 0.00010713334792510625, 0.005729952766602537, 0.004828805156048889, 0.04158959809516718, 0.00018581250298072894, 1.4452224558665191e-05, 0.1735409028151907, 0.014268138109694914, 8.331676175996057e-05, 0.029183644923876297, 0.6387073007603133, 0.007861607235390209, 0.007519699313068342, 0.0005852551530093282, 0.02776908616148763, 1.3948335411745398e-05, 0.016461016756739503


studied_case='Abl'
-0.0, -0.0, 0.015625, -0.0, -0.0, -0.0, 0.007692307692307693, -0.0, -0.0, -0.0, -0.0, -0.0, -0.0, -0.0, -0.0, -0.0, 0.17421116083085836, -0.0, -0.0, 0.0028781947962238084, 0.785631731095968, -0.0, -0.0, -0.0, 0.013961605584642234, -0.0, -0.0
1.8060321473722235e-05, 0.00298490726250346, 0.019058095313723995, 0.005031871913938368, 0.006902757380320267, 3.3356794278642647e-06, 0.014885649517514886, 0.00036157043922327534, 0.0007681194230791746, 0.004166748359791255, 0.0005037882778359097, 0.003214419801432185, 0.010288456379330386, 0.004208484568667172, 0.00034250852838958604, 0.00013272415740484946, 0.17338208077315903, 0.009333609314938702, 0.0005271736821039204, 0.02951908498994418, 0.6862104781260293, 0.007628431090041236, 0.0021103731541937576, 0.00023916828979125206, 0.016202432203419433, 1.3625037312835194e-05, 0.001962046015010167


