studied_case='Acc'
[-0.0, -0.0, -0.0, -0.0, -0.0, -0.0, 0.0007280669821623589, -0.0, -0.0, -0.0, -0.0, -0.0, -0.0, -0.0, -0.0, -0.0, -0.0, -0.0, 0.00798175598631699, -0.0, -0.0, 0.0005701254275940707, -0.0, -0.0, -0.0, -0.0, -0.0, -0.0, -0.0, -0.0, -0.0, -0.0, -0.0, -0.0, -0.0, -0.0, -0.0, -0.0, -0.0, -0.0, -0.0, -0.0, -0.0, -0.0, -0.0, -0.0, -0.0, -0.0, -0.0, -0.0, -0.0, -0.0, 0.072255291005291, -0.0, -0.0, -0.0, -0.0, -0.0, -0.0, -0.0, 0.019135610098453968, -0.0, -0.0, -0.0, -0.0, -0.0, 0.6248156436688905, -0.0, 0.2591404183201058, -0.0, -0.0, -0.0, -0.0, -0.0, -0.0, -0.0, -0.0, -0.0, -0.0, -0.0, -0.0, -0.0, -0.0, -0.0, -0.0, 0.0021291696238466998, -0.0, 0.00035002513794316417, -0.0, -0.0, -0.0, -0.0, -0.0, 0.009964206249395376, -0.0, 0.0029296875, -0.0, -0.0]
[5.306146612486276e-05, 0.0019209025071945814, 3.194894351710034e-05, 1.4151734283096724e-05, 2.687602332875612e-06, 0.00048744287227967697, 0.0021029961834485326, 4.878828013307268e-05, 0.0006002918704480501, 2.307636265097298e-06, 3.296623235853283e-07, 2.4277565535259147e-05, 7.9639440736321e-05, 3.076974451060411e-05, 1.8713565828620363e-05, 2.7923040486166038e-06, 7.593856176921418e-06, 0.0014879905725572972, 0.012311057219609048, 2.3003312476996687e-05, 7.268551159697337e-06, 0.008778907407503094, 6.444735746500187e-07, 6.775454950285706e-06, 1.0351748744604381e-05, 0.006361797173870743, 3.296623235853283e-07, 0.0002850523995834261, 4.653543673507376e-05, 0.00010213115166305722, 0.0001662452317808741, 0.0003900111232702198, 4.480095289491119e-05, 7.963172710979729e-06, 0.0011627759814944656, 0.0001560314001629692, 0.0008709353788105359, 2.196496851102114e-07, 6.852170549170927e-05, 0.0005666676055701455, 2.5177754949946624e-06, 0.010920927766265265, 0.0025132723520622535, 4.75632400840157e-06, 2.3843240582032058e-05, 0.0015810804204350777, 2.509970859238324e-06, 3.8050592067212564e-06, 3.206907883779865e-05, 6.145058874883121e-05, 0.006474021736142172, 0.00014675344679703707, 0.07767962988274703, 0.00025421087871989285, 0.00043718446350081105, 2.6333516909138824e-05, 7.689741515710449e-06, 0.0004987384850085079, 0.007016792633305748, 0.0005376971672076398, 0.03734785467560731, 0.0002457477814560511, 6.802876745792116e-06, 0.0026471574938636954, 0.0001865800167777376, 0.0001276776898850658, 0.5761847999712232, 0.00031569829435036786, 0.19084593557099017, 0.0009930569508240182, 0.01220668145173192, 3.3469269800462685e-06, 2.9638235695105544e-06, 6.85538745487524e-05, 0.00021308331557639036, 0.0007674594135997198, 6.97321253948488e-06, 3.121966372201932e-06, 0.0014392310933756234, 0.00010019876369071472, 0.0001157656605291837, 0.00014858636643670227, 6.593246471706566e-07, 1.6483116179266416e-06, 0.002583268222032889, 0.0075984249103483534, 5.369771753554106e-06, 0.0017438411122119438, 5.44177291516331e-05, 9.192653918893509e-06, 9.667103619750279e-07, 1.0570712783162968e-05, 0.00057254728199068, 0.011387325060406317, 0.0001353135281816024, 0.005231554080512359, 0.00012380860394409863, 5.381826529887621e-05]


studied_case='Dat'
[-0.0, -0.0, -0.0, -0.0, -0.0, 0.00245398773006135, -0.0, -0.0, -0.0, -0.0, -0.0, -0.0, -0.0, 0.013368983957219251, -0.0, -0.0, 0.00044048012333443455, -0.0, -0.0, -0.0, -0.0, -0.0, -0.0, -0.0, -0.0, -0.0, -0.0, -0.0, -0.0, -0.0, -0.0, -0.0, -0.0, -0.0, -0.0, 0.18996290115822256, -0.0, -0.0, -0.0, 0.16426846649910531, -0.0, -0.0, -0.0, -0.0, -0.0, -0.0, -0.0, -0.0, 0.0051813471502590676, -0.0, -0.0, -0.0, -0.0, -0.0, 0.05374783033927985, 0.5509960918882851, -0.0, -0.0, -0.0, -0.0, -0.0, -0.0, -0.0, -0.0, -0.0, -0.0, -0.0, -0.0, -0.0, -0.0, 0.004181184668989547, 0.0005142269454919438, -0.0, -0.0, -0.0, 0.014598540145985401, -0.0, 0.00028595939376608524, -0.0, -0.0]
[2.2866656173571724e-05, 0.002198050498176273, 2.6331026837398683e-05, 1.970769546092358e-06, 0.0017779009518678025, 0.006182602978179294, 8.435666508077682e-05, 0.0004752182298810706, 0.0007509978061510718, 0.0020127585301861614, 7.883078184369432e-06, 5.105995484805554e-06, 0.0018683701474318823, 0.019944666438823925, 1.6607433487228882e-05, 5.483791010531073e-07, 0.005128446599285446, 2.390522113810334e-06, 0.014021058852895247, 0.0004436162356804256, 0.0003224478942100908, 1.2299101858086812e-05, 0.00037610310624813814, 2.7618831530556818e-06, 0.0021184818929255713, 0.0004385510017903691, 0.00030120603962942706, 6.0282362586354485e-06, 0.004423317439533745, 0.006408983406427518, 5.313783792138071e-06, 0.0002523006645079986, 3.8725167486349376e-06, 1.4194867136043608e-05, 7.175213661917932e-05, 0.144342325830385, 2.618612036939673e-05, 3.331752886907094e-05, 6.813536225300931e-05, 0.12542740922158768, 0.00012109026371833361, 0.00023864923876527354, 0.0004732142017457802, 6.002400960384153e-05, 0.0010870629116239482, 7.503001200480192e-05, 0.022665763071329857, 0.0001830720481817284, 0.018824199834872244, 0.00010637166258908626, 1.4691191161779397e-06, 0.00038919386149726635, 7.151201470815818e-05, 7.183323117015718e-05, 0.056904909004726625, 0.4086497500355121, 0.0015960045870391968, 0.10405377790692207, 0.00035215719661664465, 1.4052443719962901e-05, 7.19433342957436e-05, 9.265006995080281e-06, 9.278846733484256e-05, 1.844794865302925e-05, 0.004051256977808422, 3.941539092184716e-06, 9.554751951019436e-06, 1.970769546092358e-06, 4.6749745036520294e-05, 0.003581888366951458, 0.006983148042860133, 0.005582914096609119, 0.00018675157246151783, 4.68937575030012e-06, 0.0003860006770907685, 0.018535280047535095, 5.6252113521459766e-05, 0.002672692202186812, 0.0021346509408947043, 3.941539092184716e-06]


studied_case='Nom'
[-0.0, 0.003464203233256351, -0.0, -0.0, -0.0, -0.0, 0.0011668611435239206, 0.009167303284950344, -0.0, -0.0, -0.0, -0.0, -0.0, -0.0, -0.0, -0.0, -0.0, -0.0, -0.0, -0.0, -0.0, -0.0, -0.0, -0.0, 0.027777777777777776, -0.0, -0.0, -0.0, 0.007132667617689016, -0.0, -0.0, -0.0, -0.0, -0.0, -0.0, -0.0, -0.0, 0.0014348477540067142, -0.0, -0.0, -0.0, -0.0, -0.0, -0.0, -0.0, 0.00033867690223526756, -0.0, -0.0, -0.0, -0.0, -0.0, -0.0, -0.0, -0.0, 0.0004318162190171863, -0.0, -0.0, -0.0, -0.0, 0.0005941770647653001, -0.0, -0.0, -0.0, -0.0, -0.0, -0.0, -0.0, -0.0, -0.0, -0.0, -0.0, 0.0493730407523511, -0.0, -0.0, -0.0, -0.0, -0.0, -0.0, -0.0, -0.0, -0.0, -0.0, -0.0, -0.0, -0.0, -0.0, 0.6279527559055118, -0.0, -0.0, -0.0, -0.0, 0.026464600769056774, -0.0, -0.0, -0.0, 0.09266396248792454, -0.0, 0.03789472660560938, -0.0, -0.0, -0.0, -0.0, -0.0, -0.0, -0.0, -0.0, -0.0, -0.0, -0.0, -0.0, -0.0, -0.0, -0.0, -0.0, -0.0, 0.0005224660397074191, 0.008032128514056224, -0.0, -0.0, -0.0, -0.0, -0.0, -0.0, -0.0, -0.0, 0.09207276527025743, 0.0027548209366391185, 0.010760401721664276, -0.0, -0.0, -0.0]
[8.369166896953337e-05, 0.004397128945070643, 2.5641364791832748e-05, 7.130800152809095e-06, 1.7230803162196998e-06, 2.5557684577437224e-05, 0.0026675148694875147, 0.009288554265942606, 1.8342635137635626e-05, 0.0001135475614292072, 0.0014390055003262547, 3.66060868390007e-06, 3.352613215697454e-05, 3.959936600320015e-05, 6.433441543820101e-07, 4.2889610292134e-07, 0.00014273498414146138, 0.00018461896777223103, 8.309299827172769e-05, 5.154059865052502e-06, 1.9113691398229208e-05, 2.5286544191720802e-06, 0.004883498114278263, 1.852871159654917e-05, 0.0329695928570816, 7.600945556247531e-05, 2.990995905924804e-07, 2.0099040029650105e-07, 0.007168972642183402, 1.235869683968348e-06, 4.802498733147018e-05, 2.175122277060667e-05, 2.098566016472345e-06, 8.5779220584268e-07, 3.5291460575683874e-06, 5.5975504105994224e-05, 8.694581997136422e-05, 0.028947689400844134, 8.5779220584268e-07, 0.003782417567824322, 1.9375283676803697e-06, 0.001549497754963109, 8.838493960932096e-05, 0.0005445041307550601, 0.0003260914915806997, 0.0013792169812413164, 1.4571881733986991e-05, 5.770687483316246e-05, 7.746100012465572e-05, 4.148097853503864e-05, 1.1802104371598386e-05, 0.002685815516191616, 0.0008689927344933811, 1.5953848706461946e-06, 0.0019466185139490238, 2.4647432007000115e-05, 4.946648979356216e-05, 1.4003131100113985e-07, 0.0022679089690902975, 0.004046513021554438, 9.02749159334696e-05, 5.981991811849608e-07, 5.335467520341469e-06, 0.0010183822134037454, 2.4193764030043473e-05, 3.1457669773111554e-06, 2.50629424956838e-05, 0.00048623174311593023, 0.0010600583907770774, 2.607193151473064e-06, 0.0008804242554531344, 0.06604869759497943, 0.0002325958131510484, 1.2544768552166712e-05, 0.0036992468216403636, 1.611255587028748e-06, 1.556686747925715e-05, 1.1761274357599196e-06, 0.00010024013114178787, 1.1315813500518284e-05, 1.2317076024688347e-06, 0.00030232276312129554, 7.505208614778658e-05, 0.009334951465083861, 3.602500135093755e-05, 0.0008223123129499897, 0.5103976611750949, 0.0001972652113735257, 0.013722282896179668, 6.557178374270914e-06, 0.00027630401037779444, 0.032281097403745455, 0.00015049216836407486, 1.7047742981154344e-06, 4.103001118566571e-05, 0.0744824883435304, 3.7377588397996563e-05, 0.04737119253203147, 0.00034874482260981176, 0.00020059587849058998, 6.004166891822925e-06, 2.4088955695592686e-06, 0.00030385969960449686, 4.0980247520695025e-05, 5.398984990821726e-06, 2.1444805146067e-07, 1.2805690586847697e-05, 0.0006738194806590781, 0.00020299571140945942, 3.0020834459114625e-06, 0.00019244879256371104, 6.3627929444265e-05, 2.1444805146067e-07, 1.4249520503635053e-06, 0.002049671811295828, 0.0030782387868733313, 0.01041749759263299, 7.895512748981786e-05, 1.9130787312056083e-05, 7.864417443277889e-07, 0.00010108926803735175, 1.4003131100113985e-07, 3.6023180677966624e-05, 3.729562000238692e-06, 0.0005617901147581811, 0.08310622109411579, 0.008137602989306771, 0.013735054571278394, 3.0792690061720867e-07, 0.0006190046867518261, 0.00010377174259828487]


studied_case='Gen'
[-0.0, -0.0, -0.0, -0.0, -0.0, -0.0, -0.0, 0.0006118702834998981, -0.0, -0.0, -0.0, -0.0, -0.0, -0.0, -0.0, -0.0, -0.0, -0.0, 0.007142857142857143, -0.0, -0.0, -0.0, -0.0, -0.0, -0.0, -0.0, -0.0, -0.0, -0.0, -0.0, -0.0, -0.0, -0.0, -0.0, -0.0, -0.0, -0.0, -0.0, -0.0, -0.0, -0.0, -0.0, 8.809796493700995e-05, -0.0, -0.0, -0.0, -0.0, -0.0, -0.0, -0.0, -0.0, -0.0, -0.0, -0.0, 0.7290609010163978, -0.0, -0.0, -0.0, -0.0, -0.0, -0.0, -0.0, -0.0, 5.465376837732962e-05, -0.0, -0.0, 0.03076923076923077, -0.0, -0.0, -0.0, -0.0, -0.0, -0.0, 0.04535017221584386, -0.0, -0.0, 0.17888198757763976, -0.0, -0.0, -0.0, -0.0, -0.0, -0.0, -0.0, -0.0, -0.0, -0.0, -0.0, -0.0, -0.0, -0.0, -0.0, -0.0, 0.00091000091000091, 0.0002085070892410342, -0.0, -0.0, -0.0, -0.0, -0.0, 0.0067733990147783255, -0.0, 0.00014832224719613907, -0.0, -0.0]
[3.795359684561571e-05, 0.0008178924941024424, 5.045406132489337e-07, 3.5814758903996745e-06, 1.7907379451998373e-06, 8.953689725999186e-07, 0.0011006499482612982, 0.0012362386320756084, 0.00022719563464511082, 0.0001417707449924587, 2.6861069177997562e-06, 8.953689725999186e-07, 8.953689725999186e-07, 9.54524088354524e-06, 5.045406132489337e-07, 5.015713763682033e-06, 8.953689725999186e-07, 0.001684034486985916, 0.010540467456012363, 0.00015059396502695472, 0.0009671562376865662, 1.5300205328755513e-07, 1.5493520230574746e-05, 3.6096912992000923e-06, 0.004813511173453128, 2.6861069177997562e-06, 0.00430976215377829, 1.2637385329972638e-05, 4.829050137699405e-05, 3.357181184903454e-05, 0.00020497337529287637, 4.38555135035599e-05, 0.0007459834719658608, 1.5437673480855741e-06, 9.529152516201128e-06, 1.7125351185467083e-05, 0.0012227162583355112, 0.0005605007335602613, 0.0011611448449021303, 1.1157227652073013e-05, 1.4942375484438205e-05, 0.011805417933224581, 0.004961559330533641, 7.736009569199542e-06, 1.7712343983127307e-05, 5.43738309626343e-06, 0.0010247079869469017, 3.960743638319923e-06, 1.9425811853241875e-06, 2.951662411822055e-06, 3.706715597997979e-05, 0.008847663095128494, 5.4031857182995094e-06, 8.578774020954325e-05, 0.4914515532388325, 0.00010521817361870688, 0.003414561306797755, 0.009951600013202456, 0.0003562673032297028, 0.002276253909532623, 0.0007170498465132345, 6.91897875873521e-05, 0.0003469920477086683, 0.1658090623434581, 0.0008181966944853542, 2.275841481588139e-05, 0.0386991226835581, 0.00024260476566687332, 6.8691267184685e-05, 0.0011438620544006073, 0.0003638489333167589, 3.920757261330665e-08, 6.257056854360768e-05, 0.055713211218974164, 3.470883744360913e-05, 0.00010435540564737805, 0.13585744327991547, 0.0008195726987859437, 0.00012729490028984893, 0.010379325496406942, 7.840819918406181e-05, 5.035056581448334e-05, 4.265811825949283e-05, 5.333734114070198e-05, 3.9399076120063886e-05, 2.8063097291318806e-05, 2.2182626213517878e-05, 0.001863211706812203, 3.9888407564036165e-05, 1.1890747809129717e-05, 1.5944588212125978e-05, 6.257929101975547e-05, 0.002338869902506208, 0.0033587113996558756, 0.0018927736300597543, 1.903811860323883e-05, 4.5854175072094746e-05, 3.6245175749696103e-06, 8.69981295402149e-06, 0.001582190486203747, 0.010357437755341295, 0.0004262958698098579, 0.0015261039352632208, 4.01553495921247e-06, 0.00020141910025413067]


studied_case='Abs'
[-0.0, -0.0, -0.0, 0.008928571428571428, 0.01080773606370876, -0.0, -0.0, -0.0, -0.0, -0.0, -0.0, -0.0, -0.0, -0.0, 0.015625, -0.0, 0.2857142857142857, -0.0, 0.5216888374783112, 0.11220358588779641, -0.0, -0.0, -0.0, 0.04446315521344702, 0.0005688282138794084, -0.0]
[0.0013888888888888887, 0.0008071256965278102, 0.0005005060603816435, 0.005511028877409684, 0.011655304433923507, 0.0021664625825145445, 0.019571512504656118, 0.016666666666666666, 0.0003034161070538248, 0.0007175903447866494, 0.0014632413369828447, 0.0001890007253579704, 0.00040413989885910626, 0.0007168160161939323, 0.027268423130809884, 0.005555555555555555, 0.27221424649513126, 8.891298592217049e-05, 0.36743239364281266, 0.22449506161598626, 0.0003702509774282809, 0.0015959940114523112, 0.00010368066355624676, 0.03549495320298933, 0.0010427872697008956, 0.0022760403084519714]


studied_case='Erg'
[0.002577319587628866, -0.0, -0.0, -0.0, 0.005154639175257732, -0.0, 0.9755205232755121, 0.013914656771799629, 0.0028328611898017, -0.0]
[0.0024730620455461604, 0.0005955834379987546, 0.0004178338860653713, 0.0003147623544224111, 0.0021354539392647426, 0.005050505050505051, 0.9240229923907707, 0.005152860159598114, 0.059447506361116, 0.00038944037471283423]


studied_case='Loc'
[-0.0, 0.0003899013725141096, -0.0, -0.0, -0.0, -0.0, -0.0, 0.0052042674993494666, -0.0, -0.0, -0.0, -0.0, -0.0, -0.0, -0.0, -0.0, -0.0, -0.0, -0.0, -0.0, 0.006619776582540339, -0.0, 0.0005073566717402334, -0.0, -0.0, -0.0, -0.0, -0.0, -0.0, -0.0, -0.0, -0.0, -0.0, -0.0, -0.0, 0.0015267175572519084, -0.0, -0.0, -0.0, -0.0, -0.0, -0.0, -0.0, 0.1875, -0.0, -0.0, -0.0, -0.0, -0.0, -0.0, -0.0, -0.0, -0.0, -0.0, -0.0, -0.0, -0.0, -0.0, 0.7622377622377622, -0.0, -0.0, -0.0, -0.0, -0.0, -0.0, -0.0, -0.0, -0.0, -0.0, -0.0, -0.0, -0.0, -0.0, -0.0, 0.0029940119760479044, 0.003317235805764082, -0.0, -0.0, -0.0, -0.0, -0.0, -0.0, 0.0297029702970297, -0.0, -0.0, -0.0, -0.0, -0.0]
[2.8401768504435905e-05, 0.0028357606080788352, 1.5111218568665377e-05, 5.913940340169848e-06, 1.478485085042462e-06, 2.956970170084924e-06, 0.0011921219990159997, 0.007297356565187887, 1.122888968738771e-05, 6.101992080303819e-05, 0.00010530405080741327, 5.765416724320833e-07, 0.00019027766732317492, 2.004680890364924e-05, 1.7089838733564316e-05, 2.4044746654205558e-05, 5.765416724320833e-07, 3.571115384616434e-05, 5.3101104502973656e-05, 0.005189894113787919, 0.015190687381831975, 4.5821114369501466e-05, 0.0017823164232994098, 1.1530833448641667e-06, 5.244220442707093e-05, 0.005937514176638575, 0.006016223753748975, 8.725976039427843e-05, 0.000412557845266278, 2.31438622477319e-05, 6.109481915933529e-05, 1.8424998833784285e-06, 0.0024664784679334713, 0.0008529025169250152, 0.0008930469310354367, 0.01107797112180992, 0.005929843071632545, 5.218177062848586e-06, 0.0005897591610589429, 3.264769443847458e-05, 1.75364758698092e-05, 0.0006758868151050141, 8.315918204008253e-05, 0.15468412754742977, 9.513106034700132e-05, 0.0005677162303524725, 3.9482569746985165e-05, 0.004898119122257053, 0.002814219051923991, 1.157193112386595e-05, 0.0024363326066138015, 0.0017945196782398582, 0.006845738727915934, 6.466037409591007e-05, 6.160059780398506e-05, 0.0003013711404464301, 7.746657532402378e-06, 0.017477275216539075, 0.6338446221425041, 2.31438622477319e-05, 0.007776539145713476, 2.5960749243819085e-05, 0.00015903035678321387, 1.1739293764087153e-05, 0.0017890981068420817, 1.478485085042462e-06, 1.8621315112600022e-05, 0.034561407460132594, 5.0443013402595716e-05, 4.132231404958678e-05, 1.7089838733564316e-05, 2.245777937477542e-05, 3.1391260673028625e-05, 0.01124063652620665, 0.006050085558532967, 0.0047555992854791075, 0.0001169400741986559, 1.6483850543626386e-05, 1.1294975491737633e-05, 4.970969537898672e-06, 9.090909090909092e-05, 0.00024316311459069657, 0.035736922167366646, 0.00030527996470569693, 2.922745978301534e-06, 0.0016237229991297863, 1.1530833448641667e-06, 1.478485085042462e-06]


studied_case='Ins'
[-0.0, -0.0, -0.0, -0.0, -0.0, 0.002320185614849188, -0.0, -0.0, -0.0, -0.0, -0.0, -0.0, -0.0, -0.0, -0.0, -0.0, -0.0, 0.008807985907222548, -0.0, -0.0, -0.0, -0.0, -0.0, -0.0, -0.0, -0.0, -0.0, -0.0, -0.0, -0.0, -0.0, -0.0, -0.0, -0.0, -0.0, -0.0, -0.0, -0.0, 0.21328671328671328, -0.0, -0.0, -0.0, -0.0, -0.0, -0.0, -0.0, -0.0, -0.0, -0.0, -0.0, -0.0, 0.008403361344537815, 0.730040151786982, -0.0, -0.0, -0.0, -0.0, -0.0, -0.0, -0.0, -0.0, -0.0, -0.0, -0.0, -0.0, -0.0, -0.0, -0.0, 0.004132231404958678, 0.002285714285714286, -0.0, -0.0, -0.0, -0.0, -0.0, 0.023529411764705882, -0.0, 0.007194244604316547, -0.0, -0.0]
[4.15859246890753e-05, 0.002759489020981153, 7.140327426854486e-06, 4.284196456112691e-06, 0.003115301751996075, 0.00589643962881021, 1.428065485370897e-06, 0.00010519710031979682, 4.86822237767311e-05, 2.270949222710855e-06, 4.284196456112691e-06, 1.4425881852221268e-05, 9.99645839759628e-06, 1.3595499889536565e-05, 1.9754501394825457e-05, 1.428065485370897e-06, 0.0016621770867408907, 0.008713848752421099, 0.002156349080177949, 6.812847668132565e-06, 0.0003005447431250619, 0.003677557187416128, 0.0006810277976751759, 0.00022141164792549329, 0.0009016797310501335, 6.22106668469215e-05, 0.00236478030980604, 0.000330767055024829, 0.00010711823116119617, 0.005728219045358484, 0.004670725093315905, 2.342368307526523e-05, 4.5445930428134206e-05, 4.993653133662592e-05, 1.3595499889536565e-05, 0.04158742024174078, 0.00018543754209969464, 1.4409792895251613e-05, 0.16608296524083555, 0.00017172534008699946, 0.0011301026625900193, 1.9073981410049502e-05, 5.1554364076919106e-05, 0.001318701124515065, 0.0008054047335997434, 0.003465443565807868, 4.155438665416529e-05, 0.014081651442820897, 8.494812341003119e-05, 2.8089907915114416e-05, 5.521150712177089e-05, 0.029109510342841385, 0.5691637186357389, 0.012923353565083558, 0.03809918910490511, 0.000132505531458284, 7.011393514461e-06, 2.599563273370074e-05, 1.4280654853708972e-05, 0.0034083162917518746, 0.006264248661470062, 0.0006973719786894548, 4.009783872649264e-05, 0.000294648823020079, 0.00013701608744256106, 0.0011789136743462852, 3.452989109499375e-05, 0.005392527171904896, 0.007857938762682424, 0.006856631385714788, 0.00021918495965059722, 0.00022624814264263462, 0.00019105180017271755, 2.4938899695745426e-05, 0.0005852551530093282, 0.02776016310539652, 1.3946338117360265e-05, 0.014450432093827195, 1.019746770611669e-05, 0.00199414794114623]


studied_case='Abl'
[-0.0, -0.0, -0.0, 0.015418502202643172, -0.0, -0.0, -0.0, -0.0, -0.0, -0.0, -0.0, -0.0, -0.0, -0.0, 0.0006082002314375232, 0.0018604651162790699, -0.0, -0.0, -0.0, 0.006211180124223602, -0.0, -0.0, -0.0, -0.0, -0.0, -0.0, -0.0, -0.0, -0.0, -0.0, -0.0, -0.0, -0.0, -0.0, -0.0, -0.0, -0.0, -0.0, -0.0, -0.0, -0.0, -0.0, 0.17180616740088106, -0.0, -0.0, -0.0, -0.0, -0.0, -0.0, -0.0, -0.0, -0.0, -0.0, 0.007462686567164179, 0.7777777777777778, -0.0, -0.0, -0.0, -0.0, -0.0, -0.0, -0.0, -0.0, -0.0, -0.0, -0.0, -0.0, -0.0, -0.0, 0.0003365020610751241, -0.0, -0.0, -0.0, -0.0, 0.018518518518518517, -0.0, -0.0]
[1.8060321473722235e-05, 0.001668782755427296, 0.0013112941295237751, 0.013488170937810892, 0.00339206856605225, 0.000914947736330459, 5.6818988906092414e-05, 0.0007894576372179437, 4.943886883868097e-05, 2.8409494453046207e-05, 7.102373613261552e-06, 0.0001861677940609297, 7.784836329172718e-05, 0.0027979599579857515, 0.005028271825922291, 0.00685043870216568, 1.4668454292387718e-05, 2.5425311694660328e-05, 3.2667248143683624e-06, 0.013474162877472731, 0.0008256490690044095, 0.0002949852507374631, 3.127052127958973e-05, 0.00017292919601311521, 0.00036157043922327534, 0.0005164225080895201, 5.953685092925117e-07, 0.00014275772589952086, 8.271267923003688e-05, 2.5425311694660328e-05, 0.004166627661448581, 0.0005035201882646703, 0.0031705244573760386, 8.460380040271409e-06, 1.3179467439448e-05, 2.197775012227694e-05, 0.010287879977746231, 0.004143678395971256, 1.99314358606394e-05, 2.469643959662482e-05, 0.0003393040685077292, 0.00013220164811882947, 0.14268398013165334, 0.0003480644711748131, 0.0009639808919592544, 0.011888411006030513, 0.0002949852507374631, 0.0025534509611987474, 0.006308240850788029, 0.00792840830308715, 0.004635054306256365, 0.004687866164021436, 0.0005255549210263598, 0.02930930800366069, 0.6281418654081555, 0.00554325281082716, 0.008527855964363559, 7.102373613261552e-06, 0.00044247787610619474, 0.013730877113325572, 0.00021961808910280834, 0.0011868303229384445, 7.102373613261552e-06, 0.002598295241737725, 0.00016451374304661236, 2.1307120839784655e-05, 7.102373613261552e-06, 0.010255630483343145, 0.013446323418958198, 0.00761422487312516, 7.688581687336136e-06, 0.0018750494835059774, 0.00023288309268747087, 0.00023916828979125206, 0.01616112990158008, 1.3625037312835194e-05, 0.0019597090036096864]


