studied_case='Acc'
[-0.0, -0.0, -0.0, -0.0, -0.0, -0.0, -0.0, -0.0, -0.0, -0.0, -0.0, -0.0, -0.0, -0.0, -0.0, -0.0, -0.0, -0.0, -0.0, -0.0, -0.0, -0.0, -0.0, -0.0, -0.0, -0.0, -0.0, -0.0, -0.0, -0.0, -0.0, -0.0, -0.0, -0.0, -0.0, -0.0, -0.0, -0.0, -0.0, -0.0, -0.0, -0.0, -0.0, -0.0, -0.0, -0.0, -0.0, -0.0, 0.01084010840108401, -0.0, -0.0, -0.0, 0.02505430847212165, -0.0, -0.0, -0.0, -0.0, -0.0, -0.0, -0.0, 0.02466734712814327, -0.0, -0.0, -0.0, 0.7857142857142857, -0.0, -0.0, 0.1506470272074423, -0.0, -0.0, -0.0, -0.0, -0.0, -0.0, -0.0, -0.0, -0.0, -0.0, -0.0, -0.0, -0.0, -0.0, -0.0, -0.0, -0.0, -0.0, -0.0, 0.003076923076923077, -0.0, -0.0, -0.0]
[0.0006064747086069379, 0.0005825614613321218, 6.296115108094852e-07, 6.483446701980068e-06, 0.0008799779987196673, 0.0012956030915076972, 3.6999489407046183e-06, 7.918187947069644e-05, 9.912135775574243e-05, 6.296115108094852e-07, 1.8545994065281902e-05, 5.884114714346825e-07, 2.109846929901953e-07, 6.926500325861273e-05, 0.0012070898220738664, 0.001413330095018916, 4.297406300427377e-07, 0.0007353483277360868, 2.813129239869271e-07, 1.5028114879926673e-05, 0.0008022415232970747, 7.104039298003435e-05, 0.001424386922587855, 0.00025361662531324624, 2.107161600099613e-05, 9.665664659430306e-06, 0.0003093597770998238, 1.3269035086113058e-05, 1.8559056068227595e-05, 0.0023497897032648107, 0.00018867600898783896, 1.3996976653042942e-05, 0.00019986168905678113, 0.0008559066895413699, 1.1850475441074696e-06, 4.101597318920621e-05, 0.04754980787422481, 0.00039947507866052497, 0.0225201816373996, 0.00010016873440248534, 0.06192527489705567, 0.0034475894007491193, 0.0013310738576142703, 3.478732767227554e-06, 3.1705941344642633e-07, 2.9848424419010875e-06, 3.521380501033188e-05, 3.478732767227554e-06, 0.03351238199773199, 1.1197581322434354e-05, 1.4174354723284642e-05, 1.3987887584169013e-05, 0.042986146092046346, 1.0625675559608956e-05, 6.901094914829196e-05, 2.11954217888936e-05, 0.0003069640227589746, 6.450780544445878e-05, 0.011386529428648791, 6.477933609013013e-05, 0.04934520942771414, 0.00023731626105513343, 0.00010103959037090617, 0.002260981377343027, 0.5796147492890376, 0.0003811060623047066, 0.0002524466460633599, 0.10477032729055367, 0.0007140333038836259, 0.0095119147317056, 7.555338129713822e-06, 1.5481827028023545e-05, 0.00010327235674402913, 0.0004606010181243252, 0.00015306874021448844, 0.0005798642371173307, 1.8879155635316904e-05, 1.773873377239851e-05, 0.0010409263293136642, 1.7569227128284127e-05, 0.001819433862267883, 0.003654996923776727, 1.0093057994711236e-05, 5.766326715231449e-05, 1.408212936271925e-05, 1.2929669065120278e-06, 0.0006972061682808268, 0.003961197739655615, 7.353130815809989e-05, 0.0007306397455006566, 7.113058212789554e-06]


studied_case='Dat'
[-0.0, -0.0, -0.0, -0.0, -0.0, -0.0, -0.0, -0.0, -0.0, -0.0, -0.0, -0.0, -0.0, -0.0, -0.0, -0.0, -0.0, -0.0, -0.0, -0.0, -0.0, -0.0, -0.0, -0.0, -0.0, -0.0, -0.0, -0.0, -0.0, -0.0, -0.0, 0.5, -0.0, -0.0, -0.0, 0.03245942571785269, -0.0, -0.0, -0.0, -0.0, -0.0, -0.0, -0.0, -0.0, 0.0008038585209003215, -0.0, -0.0, 0.06349206349206349, 0.38666666666666666, -0.0, 0.013636809131928574, -0.0, -0.0, -0.0, -0.0, -0.0, -0.0, -0.0, -0.0, -0.0, -0.0, -0.0, -0.0, 0.0029411764705882353, -0.0, -0.0]
[0.0007638177767169185, 0.0004554838071232441, 0.0007141214031012225, 0.001415812469739674, 2.241721642221226e-05, 6.267041195183001e-05, 3.2024594888874655e-06, 8.27542292546938e-05, 0.000370718955850444, 0.0015267871885874516, 0.00046716146783465134, 0.00039124754480314206, 0.00018646215988130292, 1.6160310277957337e-05, 0.0006921761139192319, 2.922609305588029e-06, 0.0001259689944583039, 9.477954278348562e-07, 0.001406130683189022, 0.0010972029725562203, 0.0006332038259388126, 0.00038856377895437596, 0.02609919642362266, 3.143309779465386e-07, 0.0001443123622504047, 0.010354966037938614, 0.01800703701863739, 0.008315833940893547, 0.002337507643596876, 1.668613382279326e-05, 5.054078641463661e-06, 0.29333948584669545, 6.682616945796551e-05, 1.7494484782973963e-05, 9.073257480900793e-07, 0.04895783962507089, 6.404918977774931e-06, 2.6003159535168162e-05, 0.0018291083916083916, 0.0006689727062259164, 0.0010241660162932376, 0.00034965034965034965, 0.011558792569238347, 1.2573239117861544e-06, 0.027078001541273978, 0.0029914529914529917, 0.000140309386127934, 0.09080304861899323, 0.2588709266352622, 0.006427195140369522, 0.16795731262581232, 0.0006989814755827819, 5.944596361907026e-06, 3.236568524863782e-05, 3.929137224331732e-05, 3.2024594888874655e-06, 1.2809837955549862e-05, 2.661698163428267e-06, 0.002870672216785976, 0.0008705211670788251, 4.8759556873147135e-05, 2.972298180953513e-06, 0.00029497366785432265, 0.005989477107029361, 7.506759095905122e-06, 0.0008978621304039922]


studied_case='Nom'
[-0.0, -0.0, -0.0, -0.0, -0.0, 0.001658374792703151, -0.0, -0.0, -0.0, -0.0, -0.0, -0.0, -0.0, -0.0, -0.0, -0.0, -0.0, -0.0, 0.0009666505558240696, -0.0, -0.0, 0.0017953321364452424, -0.0, -0.0, -0.0, -0.0, -0.0, -0.0, -0.0, -0.0, -0.0, -0.0, -0.0, -0.0, -0.0, -0.0, -0.0, -0.0, -0.0, -0.0, -0.0, -0.0, -0.0, -0.0, -0.0, -0.0, -0.0, -0.0, -0.0, -0.0, -0.0, -0.0, -0.0, -0.0, -0.0, -0.0, -0.0, 0.013333333333333334, -0.0, -0.0, -0.0, -0.0, -0.0, -0.0, -0.0, 0.9079151577858251, -0.0, -0.0, -0.0, -0.0, 0.02843910432025361, 0.015844256975202066, 0.011490760550779829, -0.0, -0.0, -0.0, -0.0, -0.0, -0.0, -0.0, -0.0, -0.0, 0.00020840569642236888, -0.0, -0.0, -0.0, -0.0, -0.0, -0.0, -0.0, 0.01834862385321101, -0.0, -0.0, -0.0, -0.0]
[0.006731298712209741, 0.0015048718041652878, 4.029086783306043e-07, 3.564372047354243e-06, 0.0009437832956829314, 0.0026475796913313764, 3.580659339302742e-06, 8.54773673687441e-05, 1.2835768538462965e-05, 0.00014687561707081188, 4.386476695963951e-06, 1.0430106870923015e-05, 6.3392140299957755e-06, 2.233126496194752e-06, 0.00028748017246123556, 0.001302407169185881, 0.0023711612474415318, 0.001263765277740433, 0.002751494076236923, 2.5380046089172888e-05, 0.0005197076412292857, 0.002754009740487916, 7.884650970146037e-05, 2.1043771043771045e-05, 8.822699040090344e-06, 6.665227343226688e-05, 5.659181455994205e-06, 1.570793474202565e-05, 0.0031077901765287044, 3.6178108580902114e-05, 1.8164380376656594e-06, 0.00016847287815378647, 2.665462641325081e-05, 3.799599235917234e-05, 0.00036111557193029253, 7.268540593345506e-07, 3.077908007485472e-06, 6.991893830671658e-05, 1.402113102278849e-05, 0.002482576530849683, 6.929046563192905e-05, 3.464523281596452e-05, 0.0005605429880759068, 0.0012090726695262045, 0.003391842379898953, 1.7697571944345177e-05, 0.0003118070953436807, 0.009648988914867491, 1.7296462999834932e-05, 0.00019061205863676948, 0.0033586781263756096, 0.0005667588500519572, 3.031273037675086e-07, 1.9638499715914682e-05, 0.0011860614165229613, 5.28716336728427e-06, 0.0002418055532070605, 0.035809411715307285, 5.17600676067666e-06, 0.0007613008971704624, 6.903266068141181e-05, 1.3091746962714705e-05, 3.077908007485472e-06, 0.004723564290658345, 2.4973879448053016e-05, 0.8036481484261947, 9.429883569604996e-05, 0.010637620631678195, 0.00012351778656126481, 0.0005762365879912964, 0.024601380756983128, 0.019194770513806754, 0.022587906346015773, 3.360841679699667e-05, 0.0011544554925903515, 0.00015993646647747265, 2.313443885105123e-06, 9.074960962790875e-05, 7.871886073771179e-05, 0.00039014897157929693, 9.060320120227954e-05, 0.0004966068491206819, 0.0020299372773010015, 1.6585647368198518e-05, 1.8523585009470264e-05, 0.00012108378971760996, 3.031273037675086e-07, 3.3699989216003453e-06, 2.695359668794204e-06, 0.0010814757249266785, 0.016448351033514573, 0.0008693914646197257, 0.0032991477811979445, 1.442085832948777e-05, 7.593458830660286e-06]


studied_case='Gen'
[-0.0, -0.0, -0.0, -0.0, -0.0, -0.0, -0.0, -0.0, -0.0, -0.0, -0.0, -0.0, -0.0, -0.0, -0.0, -0.0, -0.0, -0.0, -0.0, -0.0, -0.0, -0.0, -0.0, -0.0, -0.0, -0.0, -0.0, -0.0, -0.0, -0.0, -0.0, -0.0, -0.0, -0.0, -0.0, 0.48078641644325293, -0.0, -0.0, -0.0, -0.0, -0.0, -0.0, -0.0, -0.0, -0.0, 0.146093775379808, -0.0, 0.03076923076923077, -0.0, -0.0, -0.0, 0.05045045045045045, -0.0, 0.2847058823529412, -0.0, -0.0, -0.0, -0.0, -0.0, -0.0, -0.0, -0.0, -0.0, -0.0, -0.0, -0.0, -0.0, -0.0, -0.0, -0.0, -0.0, -0.0, -0.0, 0.007194244604316547, -0.0, -0.0, -0.0]
[0.003589703784732719, 0.006000330276121914, 0.001428571991233839, 0.0025793698870729726, 1.680482118083703e-05, 4.440901038921444e-05, 1.0219097449313277e-05, 1.777593340543875e-05, 0.00040155580277504723, 0.001557602615627116, 0.0008164899158724914, 0.0014450336430466995, 1.0219097449313277e-05, 5.366169520872611e-06, 0.0014361110128414257, 0.0002715776097071061, 3.1832940727064365e-05, 2.9673392182603066e-05, 7.81895784581155e-05, 0.0019849771306202565, 0.0006368710935492294, 7.094915783349652e-06, 0.0005378893000283409, 0.0056201809997181796, 1.6934560563737323e-05, 0.005185565878054212, 0.0012922917657195907, 7.094915783349652e-06, 3.455448897366257e-06, 3.4031431430068813e-06, 7.094915783349652e-06, 4.9275647974770864e-05, 0.015037888418594006, 3.169270750800241e-06, 0.0001312995583854206, 0.3224054383346319, 3.951434238914251e-06, 0.0003736375362881697, 0.009117991647871634, 4.496402877697842e-05, 0.0009104981229707844, 0.0008433061860956324, 4.1827003513468296e-05, 0.0017547460074284807, 7.785979009000591e-06, 0.21876000497400855, 3.1415915302692346e-06, 0.04650290260634456, 0.0005500317723566252, 4.261993249002694e-06, 0.0007214741111365208, 0.0836435548969845, 0.0020554984583761563, 0.2165164120024765, 0.0016991334637917702, 0.02241486633235782, 0.0003570258712444101, 0.00013460786364587215, 9.841965326682175e-05, 2.6342894926095007e-06, 2.6342894926095007e-06, 1.3171447463047503e-06, 0.0012155083470342708, 0.00022097983272159797, 9.424774590807704e-06, 3.392770288279878e-05, 2.6342894926095007e-06, 0.0023244632854389395, 0.0027433340818751348, 0.00043997107290220635, 2.8097592340612777e-05, 1.615268906020105e-05, 0.0014218459017249047, 0.011144146667184052, 0.0011272568693423944, 2.231465447989003e-06, 2.6342894926095007e-06]


studied_case='Abs'
[-0.0, -0.0, 0.03571428571428571, 0.013888888888888888, 0.32936507936507936, 0.5238095238095238, 0.09722222222222222, -0.0]
[0.14285714285714285, 0.05714285714285715, 0.018707482993197275, 0.07103174603174603, 0.3585034013605442, 0.29024943310657597, 0.056405895691609975, 0.00510204081632653]


studied_case='Erg'
[-0.0, -0.0, 1.0, -0.0]
[0.008547008547008548, 0.025641025641025644, 0.9499389499389499, 0.015873015873015872]


studied_case='Loc'
[-0.0, -0.0, -0.0, -0.0, -0.0, -0.0, -0.0, -0.0, -0.0, -0.0, -0.0, -0.0, -0.0, -0.0, -0.0, -0.0, -0.0, -0.0, -0.0, -0.0, -0.0, -0.0, -0.0, -0.0, -0.0, 0.1111111111111111, -0.0, -0.0, -0.0, -0.0, -0.0, -0.0, 0.8581196581196582, -0.0, -0.0, -0.0, -0.0, -0.0, -0.0, -0.0, -0.0, -0.0, -0.0, -0.0, -0.0, -0.0, -0.0, -0.0, 0.03076923076923046, -0.0]
[0.0048570105391532664, 0.001206187097058053, 0.005738606428224692, 1.6263335935467083e-05, 0.00012659890914471436, 8.62663906142167e-05, 3.2526671870934166e-05, 2.9286007145785744e-05, 0.004490238168277523, 0.0007863401313757704, 0.006442025333918305, 0.0008649765531737463, 0.002166478746981497, 0.0005873361236916873, 0.003988245172124265, 0.0005737888269842013, 0.0003663003663003663, 7.587483686910073e-06, 0.024158318526811332, 0.0022985956327325665, 0.0014329805996472662, 0.0004900595715869193, 0.008707241195647204, 4.266939750810719e-05, 2.9286007145785744e-05, 0.09476963001117494, 7.78089013383131e-05, 0.0007655033272717575, 0.0013227513227513227, 0.0033102699769366434, 0.005575678923354584, 0.02050415628164264, 0.695701373162604, 0.004054520358868185, 0.039704629470256825, 0.00029299025200664545, 3.398932735121172e-05, 0.003138514758572618, 9.407223727378019e-05, 0.01806052041105079, 0.0020885547201336674, 0.00029748903905123773, 0.005338834652250801, 0.00334472316371756, 0.00011845534233593934, 1.699466367560586e-05, 0.00016886187098953055, 0.0012633416729853682, 0.029304252733812753, 0.0011268702018525593]


studied_case='Ins'
[-0.0, -0.0, -0.0, -0.0, -0.0, -0.0, -0.0, -0.0, -0.0, -0.0, -0.0, -0.0, -0.0, -0.0, -0.0, -0.0, -0.0, -0.0, -0.0, -0.0, -0.0, -0.0, -0.0, 0.024096385542168676, -0.0, -0.0, 0.11290322580645161, -0.0, -0.0, -0.0, -0.0, -0.0, -0.0, -0.0, 0.8317503886513796, -0.0, -0.0, -0.0, -0.0, -0.0, -0.0, -0.0, -0.0, -0.0, -0.0, -0.0, -0.0, -0.0, -0.0, -0.0, 0.03125, -0.0, -0.0]
[0.0076495310173246315, 0.0013034352655387576, 0.009027257081524263, 0.003886310536797793, 0.0002879764143514317, 0.0041567280168003165, 0.0002686645839241119, 0.0005983089020535976, 0.00011567314526826662, 0.00266015734357441, 0.00010245901639344262, 0.0003035822707953855, 0.000234192037470726, 0.0007451564828614009, 0.0008098969827426625, 0.007099346940230882, 0.00117096018735363, 0.0011790761398324042, 0.0001767534695414735, 0.02391391655227933, 0.0013175149748421277, 2.7177457929295123e-06, 3.92187622558632e-05, 0.036635475498501914, 3.473186996387885e-05, 0.0006495750056166933, 0.09852931984063146, 1.2107417003656441e-05, 0.0006052549419200561, 0.002087574556234151, 0.000234192037470726, 1.4795525832988105e-05, 0.011279159934245187, 0.017588088041330698, 0.6298446841041164, 0.017425317627771608, 0.059572947407895246, 1.2107417003656441e-05, 7.397762916494052e-05, 0.0001366120218579235, 9.195633244925841e-05, 0.00954657070112162, 0.00010420540926742508, 0.0006877876308374824, 0.00189199948832475, 0.007073164462327287, 0.005269197207720253, 0.0010800722621257565, 0.0006511199434343686, 0.0005122950819672131, 0.02800877860556045, 0.002489020831080803, 0.0008090772976722495]


studied_case='Abl'
[-0.0, -0.0, -0.0, -0.0, -0.0, -0.0, -0.0, -0.0, -0.0, -0.0, -0.0, -0.0, -0.0, -0.0, -0.0, -0.0, -0.0, -0.0, -0.0, -0.0, -0.0, -0.0, -0.0, -0.0, -0.0, 0.11764705882352941, -0.0, -0.0, -0.0, -0.0, -0.0, 0.007352941176470444, -0.0, -0.0, 0.875, -0.0, -0.0, -0.0, -0.0, -0.0, -0.0, -0.0, -0.0, -0.0, -0.0, -0.0, -0.0, -0.0, -0.0, -0.0]
[0.0028272375187571564, 0.003024542739310228, 0.006799357390191846, 4.873827334006182e-05, 6.275100401606425e-05, 0.0002942060558697349, 0.00017717930545712261, 0.00017827009644741425, 0.002593825512428395, 0.0027190702609770187, 0.00013908174106328728, 0.0007309399807409956, 5.8345915405673895e-05, 0.00035577090972585995, 4.2799974320015404e-06, 0.0002826483364034961, 0.00020366936138395934, 0.00019434243897381142, 0.00013908174106328728, 0.0015277573505281213, 0.005339003071107961, 0.0009694364992582315, 0.003193167406467977, 0.00024588148512417015, 0.00015337838494873415, 0.12310046794599747, 0.005344687018751698, 0.019376542097260703, 0.002008032128514056, 0.0014722505582972622, 0.017431254760959324, 0.04685123989656698, 0.003492593737722432, 0.012135216691397494, 0.640174448450912, 0.011104942842667132, 0.01518951420075574, 0.01998918892196776, 0.0005446787148594377, 0.004774096385542169, 0.004181742030751832, 0.006024096385542169, 6.275100401606425e-05, 0.015612449799196787, 0.0013811128791071444, 0.005769550694626585, 0.0014485597341361252, 2.7595494207705767e-05, 0.007214679475744955, 0.0030263453740762103]


