studied_case='Acc'
[-0.0, -0.0, -0.0, -0.0, -0.0, -0.0, 0.0007013852358407856, -0.0, -0.0, -0.0, -0.0, -0.0, -0.0, -0.0, -0.0, -0.0, -0.0, -0.0, 0.0074850299401197605, -0.0, -0.0, -0.0, 0.0005189413596263622, -0.0, -0.0, -0.0, -0.0, -0.0, -0.0, -0.0, -0.0, 0.08093994778067885, -0.0, -0.0, -0.0, -0.0, -0.0, -0.0, -0.0, -0.0, -0.0, -0.0, -0.0, -0.0, -0.0, -0.0, -0.0, -0.0, -0.0, -0.0, -0.0, -0.0, -0.0, -0.0, 0.06791074344284231, -0.0, -0.0, -0.0, -0.0, -0.0, -0.0, -0.0, 0.016845329249617153, -0.0, -0.0, -0.0, -0.0, -0.0, 0.5768607995083249, -0.0, 0.23467741935483863, -0.0, -0.0, -0.0, -0.0, -0.0, -0.0, -0.0, -0.0, -0.0, -0.0, -0.0, -0.0, -0.0, -0.0, -0.0, -0.0, 0.002012072434607646, -0.0, 0.0003282308357950646, -0.0, -0.0, -0.0, -0.0, -0.0, 0.00900270955336072, -0.0, 0.002717391304347826, -0.0, -0.0]
[4.912072204051191e-05, 0.0017479193908192232, 2.7996258924074707e-05, 1.232873563440821e-05, 2.3348327452412385e-06, 0.00044268361716299636, 0.0019238550342700383, 4.2659827303724156e-05, 0.0005452127375458458, 2.008937475838939e-06, 2.8699106797699137e-07, 2.1204479533887526e-05, 6.963393347937182e-05, 2.7770868927473052e-05, 1.7063576374885695e-05, 2.4543267189145805e-06, 7.1400939165265114e-06, 0.0013643266622749319, 0.011124067364442523, 2.1141425566325936e-05, 0.00010587721389408116, 6.7364109749607605e-06, 0.008371834400434304, 6.020645395124422e-07, 6.174891848007623e-06, 9.582826983765087e-06, 0.00614789268345536, 2.8699106797699137e-07, 0.00027753109328301615, 4.653543673507376e-05, 9.54745277222808e-05, 0.07353983067954627, 0.00015197155353062873, 0.0003672172925170453, 4.113302837959738e-05, 7.273484302851076e-06, 0.0010878477340068601, 0.00014510848881471588, 0.0008056351898400754, 2.0042490078967413e-07, 6.034297702822251e-05, 0.000497108377239024, 2.241740307835779e-06, 0.008660296329045972, 0.0022834946879572576, 4.3421096052675e-06, 2.2169028720670614e-05, 0.0014040703467130837, 2.254222158102125e-06, 3.473687684214e-06, 2.896872702966886e-05, 5.5627413124194374e-05, 0.006111113871375857, 0.00013920611302384184, 0.07210696262756057, 0.00022178483950126716, 0.00040777264413098644, 2.499743479005893e-05, 7.1881672441789495e-06, 0.00047466145469775235, 0.006646913243664218, 0.0005148730378947363, 0.035256537085401655, 0.00023248872240510214, 6.130201218572314e-06, 0.002396508957398974, 0.00017724384534004988, 0.00011283250284563048, 0.5360499456252013, 0.00029973878065505896, 0.17552807456765548, 0.000925809986177601, 0.011036906281824032, 2.9088148811952213e-06, 2.720821905881329e-06, 6.379290025334293e-05, 0.00020268250292622864, 0.0006698761564857622, 6.065716628942126e-06, 2.7413177868915723e-06, 0.0013440078571585145, 8.747538281457558e-05, 0.00010098820555291966, 0.00013838471638136216, 5.739821359539827e-07, 1.4349553398849566e-06, 0.002296285938465827, 0.006921410144000189, 4.812826166888516e-06, 0.001584532767412073, 4.96057953202548e-05, 8.577661886704858e-06, 9.030968092686632e-07, 9.755621676991367e-06, 0.0005360388135044456, 0.010525596564433052, 0.00012398208453237157, 0.004784953653375925, 0.00011474183996266166, 4.7113992579272674e-05]


studied_case='Dat'
[-0.0, -0.0, -0.0, -0.0, -0.0, 0.0022197558268590455, -0.0, -0.0, -0.0, -0.0, -0.0, -0.0, -0.0, 0.011743450767841012, -0.0, -0.0, -0.0, 0.0002566735112936345, -0.0, -0.0, -0.0, -0.0, 0.08362575763966107, -0.0, -0.0, -0.0, -0.0, -0.0, -0.0, -0.0, -0.0, -0.0, -0.0, -0.0, -0.0, -0.0, -0.0, 0.1627739763503831, -0.0, -0.0, -0.0, 0.15240641711229946, -0.0, -0.0, -0.0, -0.0, -0.0, -0.0, -0.0, -0.0, 0.004268943436499467, -0.0, -0.0, -0.0, -0.0, -0.0, 0.04613808338417419, 0.518771203379367, -0.0, -0.0, -0.0, -0.0, -0.0, -0.0, -0.0, -0.0, -0.0, -0.0, -0.0, -0.0, -0.0, -0.0, 0.003601440576230492, 0.0004067520846044336, -0.0, -0.0, -0.0, 0.013711151736745886, -0.0, 7.639419404125286e-05, -0.0, -0.0]
[2.1234043030993218e-05, 0.0020987589839983212, 2.314281877134415e-05, 1.7507002801120449e-06, 0.0015530299561944427, 0.005913376442729303, 7.770310442406678e-05, 0.0004259493576144894, 0.0006925406420797715, 0.0018112400386919784, 7.0028011204481795e-06, 4.755765003502652e-06, 0.0017676753770596884, 0.017105739073228723, 1.5619630751929024e-05, 0.0005133352554844185, 5.071431107144124e-07, 0.0049615216856111555, 2.3195885092926456e-06, 0.013720576294936466, 0.00040895161274197777, 0.00030315462954624264, 0.06566229252817415, 1.160685268582571e-05, 0.0003562117942342354, 2.532997768436264e-06, 0.0019384872799655106, 0.0003987139456794033, 0.0002664871817311446, 4.349565913321851e-06, 0.004256978523864934, 0.005821247269832109, 4.8932024766207855e-06, 0.00024318178124346432, 3.455329500221141e-06, 1.2732365673542144e-05, 6.102754581456407e-05, 0.13320937168559618, 2.4473137900230146e-05, 3.28950724265577e-05, 6.669334400426837e-05, 0.11712685864275028, 0.0001095812402937993, 0.0002183962256205057, 0.0004594963542955095, 5.7557269483135715e-05, 0.0009969005507763366, 7.371369600471768e-05, 0.020899680711280576, 0.0001828838387852237, 0.01773895495490747, 0.0001050420168067227, 1.369517820165876e-06, 0.00035335162707678233, 6.902437402305182e-05, 6.551585141138754e-05, 0.05259017748472477, 0.3868071434930098, 0.0014961727966081597, 0.09520280445663824, 0.0003176217800081044, 1.3171412765733251e-05, 6.986540746329491e-05, 7.681317499577527e-06, 8.268481259732555e-05, 1.7141471973404746e-05, 0.0039104198196658795, 3.5014005602240897e-06, 9.20023557485452e-06, 1.7507002801120449e-06, 4.303644534736971e-05, 0.003544583367604142, 0.006315847196793182, 0.0050937764999633185, 0.00017594784905493915, 4.336099764983392e-06, 0.00036930863050444525, 0.017091538756903127, 4.884599861007053e-05, 0.0024696952919311867, 0.00204440265285359, 3.5014005602240897e-06]


studied_case='Nom'
[-0.0, 0.0029239766081871343, -0.0, -0.0, -0.0, -0.0, 0.00089126559714795, 0.008216926869350863, -0.0, -0.0, -0.0, -0.0, -0.0, -0.0, -0.0, -0.0, -0.0, -0.0, -0.0, -0.0, -0.0, -0.0, -0.0, -0.0, 0.024036663912675144, -0.0, -0.0, -0.0, -0.0, 0.006382978723404255, -0.0, -0.0, -0.0, -0.0, -0.0, -0.0, -0.0, -0.0, 0.0012746972594008922, -0.0, -0.0, -0.0, -0.0, -0.0, -0.0, 0.10322108345534407, -0.0, 0.00029287293707624945, -0.0, -0.0, -0.0, -0.0, -0.0, -0.0, -0.0, -0.0, 0.00032711808963035657, -0.0, -0.0, -0.0, -0.0, 0.0005319148936170213, -0.0, -0.0, -0.0, -0.0, -0.0, -0.0, -0.0, -0.0, -0.0, -0.0, -0.0, 0.04426559356136821, -0.0, -0.0, -0.0, -0.0, -0.0, -0.0, -0.0, -0.0, -0.0, -0.0, -0.0, -0.0, -0.0, -0.0, 0.5679829060048351, -0.0, -0.0, -0.0, -0.0, 0.022988505747126436, -0.0, -0.0, -0.0, 0.07954545454545454, -0.0, 0.034531611743482224, -0.0, -0.0, -0.0, -0.0, -0.0, -0.0, -0.0, -0.0, -0.0, -0.0, -0.0, -0.0, -0.0, -0.0, -0.0, -0.0, -0.0, 0.0004512635379061372, 0.007160308000602064, -0.0, -0.0, -0.0, -0.0, -0.0, -0.0, -0.0, -0.0, 0.08333333333333333, 0.0022371364653243847, 0.009404388714733543, -0.0, -0.0, -0.0]
[7.504021018329723e-05, 0.003953651397379525, 2.202212797722547e-05, 6.38658359831403e-06, 1.4655557753889217e-06, 2.2005936379874088e-05, 0.0023797135145678695, 0.008333506680638734, 1.5747252480111186e-05, 9.818790116513989e-05, 0.001256852240471109, 3.1160853862288194e-06, 2.9161477753350987e-05, 3.438540655976744e-05, 5.549215063529264e-07, 3.6994767090195093e-07, 0.0001233016380618159, 0.00015671298413092556, 7.20768842425726e-05, 4.620902385053876e-06, 1.7314943964891995e-05, 2.2648438054539583e-06, 0.004585990215021834, 1.7130996612735365e-05, 0.029041313835648706, 6.99084958599466e-05, 0.0003705235388445408, 2.696977093225059e-07, 1.813422408642046e-07, 0.00645755334237848, 1.1156630162172776e-06, 4.3495425900870306e-05, 2.0050747266029575e-05, 1.8458695517622703e-06, 7.398953418039019e-07, 3.1068419541719273e-06, 4.834031968781184e-05, 7.974659442171522e-05, 0.027838954191358234, 7.398953418039019e-07, 0.003482864259520482, 1.6505296108398973e-06, 0.0014146988228661596, 8.042664938882614e-05, 0.0005063171070232933, 0.0934117572655093, 0.0002811948783578986, 0.0012682681397242455, 1.3238864453830781e-05, 5.346194066316292e-05, 6.879084401375156e-05, 3.6606258513382686e-05, 1.0284378311778819e-05, 0.002417716950162195, 0.0008092067704864206, 1.4231026483940286e-06, 0.0017571237663013518, 2.1860196484718646e-05, 4.525971350550102e-05, 1.2663269111564034e-07, 0.002039719032395432, 0.003673335617174548, 8.03619698730244e-05, 5.393954186450118e-07, 4.49281710864755e-06, 0.0009156595695345552, 2.140455020615372e-05, 2.744246515664502e-06, 2.1916550581920592e-05, 0.0004288593359849537, 0.0009854361588171262, 2.291867430027165e-06, 0.0007656584277945835, 0.061648591419047744, 0.00020132747113419397, 1.11561352897248e-05, 0.0034190926112609103, 1.4598753266471044e-06, 1.5099467743762031e-05, 1.1088748801029037e-06, 8.899193706908754e-05, 1.0211635250229485e-05, 1.1179258004698084e-06, 0.0002696431834472277, 6.963497346907512e-05, 0.008463891736538248, 3.342478726515605e-05, 0.000800118061985362, 0.4604735782218929, 0.00017794280787955793, 0.012480336357641439, 5.990249302274803e-06, 0.0002470861310777796, 0.02824440757177538, 0.00014343703089247505, 1.5089018906939332e-06, 3.236531544433655e-05, 0.06891794917065984, 3.6449790413705126e-05, 0.04319303849119799, 0.00030653250266352537, 0.0001795888002903908, 5.570797877526008e-06, 2.0937804252468044e-06, 0.0002712080143738673, 3.7525798986803426e-05, 4.2425913748117355e-06, 1.8497383545097546e-07, 1.10395338050505e-05, 0.000631055833908269, 0.00017598809233793734, 2.785398938763004e-06, 0.00016703618815356463, 5.847720651583278e-05, 1.8497383545097546e-07, 1.2643903425865634e-06, 0.0019407639745499029, 0.00268237535634281, 0.0092786461939381, 6.924913380599085e-05, 1.7125020756553265e-05, 6.860616289161256e-07, 9.041628713480203e-05, 1.2663269111564034e-07, 3.1745524441549475e-05, 3.396623755986549e-06, 0.0005189269502679608, 0.07446393436782427, 0.007224436913562507, 0.012364181366878049, 2.794814501174521e-07, 0.0005655716234032018, 9.023652101417181e-05]


studied_case='Gen'
[-0.0, -0.0, -0.0, -0.0, -0.0, -0.0, -0.0, 0.0005679666792881485, -0.0, -0.0, -0.0, -0.0, -0.0, -0.0, -0.0, -0.0, -0.0, -0.0, 0.006493992624024395, -0.0, -0.0, -0.0, -0.0, -0.0, -0.0, -0.0, -0.0, -0.0, -0.0, -0.0, -0.0, -0.0, 0.06752062527138515, -0.0, -0.0, -0.0, -0.0, -0.0, -0.0, -0.0, -0.0, -0.0, -0.0, -0.0, 8.332638946754438e-05, -0.0, -0.0, -0.0, -0.0, -0.0, -0.0, -0.0, -0.0, -0.0, -0.0, -0.0, 0.6824199288256227, -0.0, -0.0, -0.0, -0.0, -0.0, -0.0, -0.0, -0.0, 5.3310587482674056e-05, -0.0, -0.0, 0.0288, -0.0, -0.0, -0.0, -0.0, -0.0, -0.0, 0.04132231404958678, -0.0, -0.0, 0.16525146962769433, -0.0, -0.0, -0.0, -0.0, -0.0, -0.0, -0.0, -0.0, -0.0, -0.0, -0.0, -0.0, -0.0, -0.0, -0.0, -0.0, 0.0008514261387824606, 0.00019474196689386563, -0.0, -0.0, -0.0, -0.0, -0.0, 0.006302699940379865, -0.0, 0.00013819789939192924, -0.0, -0.0]
[3.5481846886116974e-05, 0.0007636611720313252, 4.621958462459298e-07, 3.3673945289941086e-06, 1.6836972644970543e-06, 8.418486322485271e-07, 0.0010299855298371368, 0.0011478886286873777, 0.00021050295085344868, 0.00013290815645221798, 2.5255458967455815e-06, 8.418486322485271e-07, 8.418486322485271e-07, 8.889297964965004e-06, 4.621958462459298e-07, 4.7534175383650305e-06, 8.418486322485271e-07, 0.0015536237125209089, 0.009638094296867062, 0.00014515937907334992, 0.0059084451606491156, 0.0009107743137991371, 1.4292834158958897e-07, 1.4815517340697738e-05, 3.4676348303112897e-06, 0.0046254596138774525, 2.5255458967455815e-06, 0.003610493452822137, 1.1547171409442937e-05, 4.533639883481438e-05, 3.195925198947542e-05, 0.00018528026401479398, 0.05269548826934649, 4.177684980409924e-05, 0.0007406460224551752, 1.4629315099354995e-06, 8.997257654135622e-06, 1.6146711452346862e-05, 0.0011398677166512435, 0.0005330092709746279, 0.0010789283052248897, 1.0445064184919416e-05, 1.4706973044505863e-05, 0.008266116058063978, 0.004687713715449959, 7.1396627026719225e-06, 1.6735461249394753e-05, 5.270592203740013e-06, 0.0009647289024834071, 3.615583445054921e-06, 1.766800060071202e-06, 2.6911917525630612e-06, 3.396007604086462e-05, 0.008264751546674259, 5.0240147906995435e-06, 7.954920973484392e-05, 0.46477110746297745, 9.757612106760001e-05, 0.0032243287856620747, 0.00943689094742434, 0.0003362718787274148, 0.0021430151622082077, 0.0006762419492035043, 6.363752068219422e-05, 0.00033760513480161593, 0.15783589845191937, 0.0007810059356451108, 2.2311695519429743e-05, 0.03660964708242338, 0.0002292620416597532, 6.49763818203304e-05, 0.0010363910284152758, 0.0003455064232807315, 3.653129775097257e-08, 5.672801210493007e-05, 0.05224034727122224, 3.220568756765356e-05, 9.694696907507723e-05, 0.1277330362826894, 0.0007531667865365914, 0.00011809594780865352, 0.009630828611033765, 7.204728379543965e-05, 4.980327705563026e-05, 4.203423724245633e-05, 5.0398270069719214e-05, 3.5954174503057066e-05, 2.538117927359501e-05, 2.043646937440794e-05, 0.0018512045167926549, 3.666369558757325e-05, 1.1493063935914675e-05, 1.5490123169441025e-05, 5.6993783067677095e-05, 0.002255273921740561, 0.003056282007983328, 0.001744756805593959, 1.7442233866678237e-05, 4.3424660216603565e-05, 3.4354645907781506e-06, 7.908920867292262e-06, 0.0015452593651439233, 0.009702279819249277, 0.00040777146395287245, 0.0014245196627573396, 3.78698179068743e-06, 0.00019329026222159745]


studied_case='Abs'
[-0.0, -0.0, -0.0, 0.008571428571428572, 0.002857142857142857, -0.0, -0.0, -0.0, 0.04, -0.0, -0.0, -0.0, -0.0, -0.0, -0.0, 0.015625, -0.0, 0.2857142857142857, -0.0, 0.48823529411764705, 0.1384620893812071, -0.0, -0.0, -0.0, 0.02, 0.0005347593582887701, -0.0]
[0.0013333333333333333, 0.0007610224872966407, 0.00047079964061096135, 0.005078687039176192, 0.011129360483646902, 0.0020161086907662094, 0.018304940985651653, 0.016666666666666666, 0.03180802390515058, 0.00028426435941736474, 0.0006768561744107619, 0.0013263207693183776, 0.00017716253491435898, 0.0003785011188063277, 0.0006397124887690925, 0.025232614654722315, 0.005555555555555555, 0.2666515963733302, 8.338927226064088e-05, 0.35867395251954287, 0.21492652964960127, 0.00033205391747392383, 0.001404988677051976, 8.984725965858041e-05, 0.032888770660632005, 0.0009833583452214074, 0.0021255824370138773]


studied_case='Erg'
[-0.0, 0.008603517268319573, -0.0, -0.0, -0.0, 0.004914004914004914, -0.0, 0.9705882352941176, 0.013169446883230905, 0.0027247956403269754, -0.0]
[0.0023619836831387667, 0.015376215145121854, 0.000565654648183182, 0.0004003065295417447, 0.0003027550711474417, 0.002039574509808689, 0.005050505050505051, 0.909195710832263, 0.004917803940800833, 0.059418938858095065, 0.000370551731394576]


studied_case='Loc'
[-0.0, 0.00038714672861014324, -0.0, -0.0, -0.0, -0.0, -0.0, 0.004830917874396135, -0.0, -0.0, -0.0, -0.0, -0.0, -0.0, -0.0, -0.0, -0.0, -0.0, -0.0, -0.0, 0.006358087487283825, -0.0, -0.0, 0.0005761751572478034, -0.0, -0.0, -0.0, -0.0, -0.0, 0.05755395683453238, -0.0, -0.0, -0.0, -0.0, -0.0, -0.0, -0.0, 0.0014388489208633094, -0.0, -0.0, -0.0, -0.0, -0.0, -0.0, -0.0, 0.1794397040507129, -0.0, -0.0, -0.0, -0.0, -0.0, -0.0, -0.0, -0.0, -0.0, -0.0, -0.0, -0.0, -0.0, -0.0, 0.7139027299367156, -0.0, -0.0, -0.0, -0.0, -0.0, -0.0, -0.0, -0.0, -0.0, -0.0, -0.0, -0.0, -0.0, -0.0, -0.0, 0.003125, 0.003246753246753247, -0.0, -0.0, -0.0, -0.0, -0.0, -0.0, 0.029140679762884647, -0.0, -0.0, -0.0, -0.0, -0.0]
[2.6954205186404376e-05, 0.002642847504074315, 1.4098804421385067e-05, 5.379236148466918e-06, 1.3448090371167295e-06, 2.689618074233459e-06, 0.0010758389545638754, 0.006940352534155667, 9.864267676767676e-06, 5.4242965901619755e-05, 9.553763057714996e-05, 5.471177835164354e-07, 0.0001699012125694818, 1.7930787161556395e-05, 1.5241169087322933e-05, 2.2901110311426985e-05, 5.471177835164354e-07, 3.182948194967426e-05, 5.260942760942761e-05, 0.005018176540357368, 0.014499355019053, 0.004254362839931743, 4.304407713498623e-05, 0.0016574164660478092, 1.0942355670328708e-06, 5.069180915645975e-05, 0.005731255313859182, 0.005999551964306258, 8.193372139329986e-05, 0.044911832995966024, 0.00038629679537521914, 2.3096821877309686e-05, 5.681818181818182e-05, 1.7517012587584255e-06, 0.0022678513826612096, 0.0008200405014670334, 0.0008384317905515185, 0.010327814371412796, 0.00554628130404456, 4.80241340635476e-06, 0.0005368743327492913, 3.0615717740623964e-05, 1.65169133192389e-05, 0.0006656494862645007, 8.037443250980477e-05, 0.14597334076867002, 8.517824323112784e-05, 0.0005426159432374856, 3.812172690957455e-05, 0.004898119122257053, 0.0026718070183156073, 1.1548410938654843e-05, 0.0024043823941158845, 0.0016022670756497418, 0.006551511554352518, 6.223265182856267e-05, 5.533716632135218e-05, 0.0002944404588808109, 7.200294110680108e-06, 0.0171124642428547, 0.6032832915175731, 2.3096821877309686e-05, 0.0073010947056743455, 2.331002331002331e-05, 0.0001522314999512139, 1.0255989497866755e-05, 0.0015955131940708863, 1.3448090371167295e-06, 1.6588312862351323e-05, 0.033721474779051026, 4.5275237582929895e-05, 4.043998705920414e-05, 1.5241169087322933e-05, 1.9728535353535352e-05, 3.1391260673028625e-05, 0.010407679440232553, 0.005521299898044286, 0.0044844350504871225, 0.0001092177428179228, 1.5598510670588612e-05, 1.0674450618940692e-05, 4.695717505634861e-06, 8.674531575294934e-05, 0.0002313424959340788, 0.033704645410182664, 0.0002895021645021645, 2.752818886539817e-06, 0.0015055379421230316, 1.0942355670328708e-06, 1.3448090371167295e-06]


studied_case='Ins'
[-0.0, -0.0, -0.0, -0.0, -0.0, 0.0018270401948842874, -0.0, -0.0, -0.0, -0.0, -0.0, -0.0, -0.0, -0.0, -0.0, -0.0, -0.0, 0.0072992700729927005, -0.0, -0.0, -0.0, -0.0, -0.0, -0.0, -0.0, 0.1095890410958904, -0.0, -0.0, -0.0, -0.0, -0.0, -0.0, -0.0, -0.0, -0.0, -0.0, -0.0, -0.0, -0.0, -0.0, 0.18652962416830954, -0.0, -0.0, -0.0, -0.0, -0.0, -0.0, -0.0, -0.0, -0.0, -0.0, -0.0, -0.0, 0.007352941176470588, 0.6560154984939754, -0.0, -0.0, -0.0, -0.0, -0.0, -0.0, -0.0, -0.0, -0.0, -0.0, -0.0, -0.0, -0.0, -0.0, -0.0, 0.0035587188612099642, 0.0016155088852988692, -0.0, -0.0, -0.0, -0.0, -0.0, 0.02072538860103627, -0.0, 0.0054869684499314125, -0.0, -0.0]
[3.657837486322465e-05, 0.002450975904528857, 6.453786371926546e-06, 3.872271823155927e-06, 0.0026917471090211077, 0.0054389325311858285, 1.290757274385309e-06, 9.439602677201944e-05, 4.174813914367477e-05, 2.0782416413121185e-06, 3.872271823155927e-06, 1.302110015230763e-05, 9.035300920697163e-06, 1.1964835348909554e-05, 1.8080702279415434e-05, 1.290757274385309e-06, 0.001542190193568915, 0.007526454879742676, 0.0019047004376962508, 0.0019435657972580952, 6.2347249239363565e-06, 0.00027810200503415784, 0.0034933046691861063, 0.000604362834783094, 0.00020342007528736415, 0.08536408401738067, 0.0008324934996732094, 5.369835328617393e-05, 0.0021755274905559917, 0.0003041420801776595, 9.40486106197657e-05, 0.005095823857760188, 0.004434121496988075, 2.0729940090688852e-05, 3.9335910555262235e-05, 3.8603161915702386e-05, 1.1964835348909554e-05, 0.03694330024588997, 0.00017016518791126102, 1.2841380063115383e-05, 0.1492311453783895, 0.00015414005278582593, 0.0010330829239087339, 1.726919840042689e-05, 5.0286633812732576e-05, 0.0011691589677327902, 0.0007597877262658826, 0.0033313400573766346, 3.765575926282196e-05, 0.013618705177743056, 7.563076648104464e-05, 2.5492218207094957e-05, 4.8035737920572035e-05, 0.027037026754232234, 0.5244397822692712, 0.0115121316825962, 0.033181732863317784, 0.00012169442655030742, 5.572179223572547e-06, 2.3460685755844642e-05, 1.2907572743853092e-05, 0.0034083162917518746, 0.005607500040056405, 0.0006958615883686133, 3.787018101946527e-05, 0.00026334491165816193, 0.00012282129597521489, 0.0010582566814835472, 3.089325634351154e-05, 0.005176277779020783, 0.006998845218736377, 0.006080076485952483, 0.0001914709604827332, 0.00020735500199701794, 0.00017533028794327503, 2.183263105036788e-05, 0.0005442009604618377, 0.02487330516723177, 1.2438223694856653e-05, 0.01290196533645293, 9.454716602759453e-06, 0.0017779901556161215]


studied_case='Abl'
[-0.0, -0.0, -0.0, 0.010526315789473684, -0.0, -0.0, -0.0, -0.0, -0.0, -0.0, -0.0, -0.0, -0.0, -0.0, -0.0, -0.0, 0.0001994548234824812, -0.0, -0.0, -0.0, 0.003676470588235294, -0.0, -0.0, -0.0, -0.0, 0.06766917293233082, -0.0, -0.0, -0.0, -0.0, -0.0, -0.0, -0.0, -0.0, -0.0, -0.0, -0.0, -0.0, -0.0, -0.0, -0.0, -0.0, -0.0, -0.0, 0.15306122448979592, -0.0, -0.0, -0.0, -0.0, -0.0, -0.0, -0.0, -0.0, -0.0, -0.0, 0.004878048780487805, 0.7427479332858492, -0.0, -0.0, -0.0, -0.0, -0.0, -0.0, -0.0, -0.0, -0.0, -0.0, -0.0, -0.0, -0.0, -0.0, -0.0, -0.0, -0.0, -0.0, -0.0, 0.017241379310344827, -0.0, -0.0]
[1.742038882307853e-05, 0.0015701472381277467, 0.0011725892402207746, 0.01266080710452176, 0.0026685108962807872, 0.0007871489057277174, 5.133898489992107e-05, 0.0007160586798439015, 4.254594962559565e-05, 2.5669492449960534e-05, 6.4173731124901335e-06, 0.0001707811489431667, 6.821544207555618e-05, 0.002630202389047283, 0.004375616001189081, 0.004832500545240032, 0.006635091791402899, 1.352075646641479e-05, 2.343723075956593e-05, 3.1171389651722064e-06, 0.01305286522236705, 0.0007510499574649685, 0.0002602811035918792, 3.0306703842890045e-05, 0.00017046179302445828, 0.05438199879781986, 0.00033006455114523294, 0.0004829424532836581, 5.446551896925095e-07, 0.00013075803177495, 7.601640957194114e-05, 2.343723075956593e-05, 0.0039979982744120235, 0.0004646180703241178, 0.0019687458075503253, 7.701964771213136e-06, 1.0237066026353652e-05, 1.7210630652424098e-05, 0.010245473892871415, 0.003839680267164922, 1.7877893984088673e-05, 2.318661359508444e-05, 0.00032514872619581793, 0.00011971878700225237, 0.13530437272127363, 0.00030081993319406225, 0.0009384639882254925, 0.01093171076871455, 0.00028546959748786756, 0.002461349655687007, 0.005973918571022721, 0.007821549194250144, 0.004152511444324789, 0.0042509218443078445, 0.0004965467314955529, 0.027380013975301373, 0.5922468244042859, 0.005090692198182518, 0.007670203629592935, 6.4173731124901335e-06, 0.0003847633705271258, 0.013292198814533982, 0.00019418724216352354, 0.0010340073698172354, 6.4173731124901335e-06, 0.0023568853571727362, 0.00014347088091666, 1.9252119337470398e-05, 6.4173731124901335e-06, 0.00888445394493925, 0.012981993857638085, 0.0070102185077589065, 7.1309891395035404e-06, 0.001736092129698394, 0.00023288309268747087, 0.00023775083609898015, 0.015100017385674219, 1.1982137148365339e-05, 0.0018486295859549277]


