studied_case='Acc'
-0.0, 0.0033875338753387536, 0.002245508982035928, -0.0, -0.0, 0.00625, -0.0, -0.0, -0.0, 0.0012437810945273632, -0.0, 0.000368052999631947, -0.0, -0.0, -0.0, -0.0, -0.0, -0.0, -0.0, 0.003205128205128205, 0.0011467889908256881, 0.0046532708868409125, 0.005291005291005291, -0.0, -0.0, 0.07171066203797541, 0.03300970873786408, 0.00960698689956332, 0.6208823555074635, 0.22018348623853212, 0.0018120631633445508, 0.0008428150021070375, -0.0, -0.0, 0.009372907833072975, -0.0, 0.004787944254742868
0.00018481841252378383, 0.007473581752801792, 0.007468299870252027, 0.005969227158108743, 6.38712852109768e-05, 0.006931402646939009, 0.0002325868788925328, 0.008053276705554231, 6.989154273802279e-05, 0.009886953594935589, 2.9815682259871854e-06, 0.007364337700733465, 0.00011886264726135186, 0.00045243178090697243, 0.0005365351814281298, 0.002023161449696468, 0.0013187936577713753, 0.00031068721844726877, 0.0011417323305432437, 0.0658479372579904, 0.006238378289743331, 0.007000400743766966, 0.029003476828956605, 0.00010343398293159435, 0.0017323904489803376, 0.06809932240256518, 0.047914788822646395, 0.01097286402464715, 0.5249741149248305, 0.1517297343883102, 0.004753111190247749, 0.004411419135780714, 4.530716657919242e-06, 0.0008297334727456975, 0.009927854664058362, 0.00017407435004114985, 0.006679000972128875


studied_case='Dat'
-0.0, 0.0036900369003690036, 0.002548093676650703, -0.0, -0.0, 0.006488824801730353, -0.0, -0.0, -0.0, 0.0002687449610319806, -0.0, -0.0, -0.0, -0.0, -0.0, -0.0, -0.0, -0.0, -0.0, -0.0, -0.0, 0.009272467902995721, 0.2222222222222222, -0.0, -0.0, 0.11675744275818307, 0.0035087719298245615, 0.0005067567567567568, 0.021300448430493273, 0.6047430830039525, 0.00033783783783783786, -0.0, -0.0, 0.007308970099667774, -0.0, 0.001046298718284217
0.00023527769837992078, 0.006401409638812167, 0.01137801165530816, 0.001953992900843562, 0.00010131950537732843, 0.011254635123456048, 0.0002518314214572158, 1.2982545561519333e-05, 7.172614699518464e-07, 0.007333938627514892, 1.9125983436569322e-06, 0.010486865189140935, 4.8115492318171496e-05, 0.000713577607572113, 0.00029833418510997225, 0.0019850722309078086, 0.0010644145086222943, 0.0005737157964797122, 0.0003804562361822605, 0.031755510939142494, 0.013315912317202094, 0.016655330763171848, 0.2139184074655483, 3.4198732453189816e-05, 0.0005196478707706957, 0.12663942291223318, 0.020362098809147668, 0.0027345849923800956, 0.0616603502740059, 0.4301150830258674, 0.0048045919920448816, 0.00325309895460498, 0.00044858918435378197, 0.014289815000083562, 7.306482732012226e-05, 0.0049437117168122605


studied_case='Nom'
-0.0, 0.014738071083577595, 0.01272984441301273, 0.00030921459492888067, -0.0, 0.01896551724137931, -0.0, -0.0, -0.0, 0.007133673427066484, -0.0, 0.0018050541516245488, -0.0, -0.0, 0.0012203916347700672, -0.0, -0.0, -0.0, 0.0004886789379377749, -0.0, 8.123938810492879e-06, 0.019095963258399806, -0.0, -0.0, -0.0, 0.04946410463686778, 0.6878332009495463, 0.007275666936135812, 0.04259789183902633, 0.03354773488330333, 0.00030945381401825775, 0.00510204081632653, -0.0, -0.0, 0.08174365363695302, 0.0017241379310344827, 0.013907581875280618
0.000828318317072458, 0.015472057010578619, 0.022857748193952965, 0.00205520189142819, 0.003196180200720006, 0.020447213259687735, 0.0005185794633528, 1.7820629659871898e-07, 0.0001684359940946735, 0.007753213412324335, 4.973355871701796e-05, 0.02514285128421987, 0.00017283235726676529, 0.001364818193853534, 0.0024185474273135162, 0.0037040651496655815, 0.0006606578132636403, 0.001012418829410918, 0.003921179640613394, 0.0060455851572756725, 0.002181488513722214, 0.022709380216444912, 0.0012153407555817056, 0.0007962773800381859, 0.0009208334906012892, 0.06975767958714099, 0.5933293236403341, 0.009312664361133838, 0.046210532274018744, 0.03778741427845673, 0.0016519881983000765, 0.008417630594104532, 5.041622132177251e-06, 0.0009980048795260872, 0.0682943628833098, 0.004470821170191663, 0.014151400793854619


studied_case='Gen'
-0.0, 0.0027637033625057578, 0.0008210180623973727, -0.0, -0.0, 0.005644430146521218, -0.0, -0.0, -0.0, 0.0002928686484111876, -0.0, -0.0, -0.0, -0.0, -0.0, -0.0, -0.0, -0.0, -0.0, -0.0, 0.016891223870866015, -0.0, -0.0, -0.0, 0.7575757575757576, 0.02074688796680498, 0.004585243851604835, 0.025757575757575757, 0.15895610913404506, -0.0, 6.918021445866483e-05, -0.0, -0.0, 0.005555169779876397, -0.0, 0.0003408316291752325
0.00013175208026169167, 0.00867894847555666, 0.003186173046913749, 0.001033331626882175, 0.0003771865928756989, 0.008991741743212833, 6.26589439957471e-05, 0.004298503494203656, 3.6136807207302784e-05, 0.0013314322622028402, 0.004010531359108489, 4.6001178211622206e-05, 0.0003491825318036056, 0.0007299618159369447, 0.006875041657673948, 0.022167009171692807, 0.00044609778980888237, 0.0009600999855513989, 0.0035913644739569896, 0.00910419441863652, 0.021251532464269956, 0.009609204348915008, 8.63286450258648e-05, 0.0022843424665787725, 0.6456857459637177, 0.03420455461010403, 0.005412463158499202, 0.054411975422112985, 0.1306715488154444, 0.0031847284298526343, 0.0019433314883554045, 5.541295604066864e-06, 0.0012854274994371685, 0.010338911867971505, 0.0002731008948450605, 0.002943913173571873


studied_case='Abs'
-0.0, 0.00487987987987988, 0.008928571428571428, 0.0007507507507507507, 0.015555555555555555, -0.0, 0.0030534351145038168, 0.008491368551803869, -0.0, -0.0, 0.002976190476190476, -0.0, -0.0, -0.0, -0.0, 0.00012283503255128362, 0.023703703703703703, 0.2857142857142857, -0.0, 0.40758110219888133, 0.16030534351145037, -0.0, 0.00037537537537537537, -0.0, 0.07406952462842403, 0.001965360520820538, 0.0015267175572518657
0.0013888888888888887, 0.02859744759807881, 0.013915741014431774, 0.00501717727226469, 0.008640183906897258, 0.0018825283949961507, 0.0038440701869777764, 0.02490721026992493, 0.0007606709194556716, 0.0030775377186956438, 0.047688027843765954, 9.145307941524622e-05, 0.0014345124841308047, 0.0004364709466457819, 0.005432544775049791, 0.0007401989110247779, 0.031962261372440286, 0.23948592821167242, 0.0001481087606051779, 0.3150359999199654, 0.21369052158841223, 0.00033504439420305865, 0.0016367963151080868, 0.00010178117048346055, 0.039937282053422424, 0.0012511330568660147, 0.008560478946177511


studied_case='Erg'
-0.0, -0.0, 0.004037685060565276, 0.0040595399188092015, -0.0, 0.0013204225352112676, 0.0013458950201884253, 0.0012114239948438962, -0.0, 0.08635992204921002, -0.0, 0.008362676056338027, 0.8827390550831438, 0.007922535211267605, 0.002640845070422535, -0.0, -0.0, -0.0
0.00013458950201884252, 0.00013204225352112675, 0.0024138840028260487, 0.0015190423470455552, 0.004347826086956522, 0.0005372677501272494, 0.0018300549196940412, 0.09776663175553997, 0.004347826086956522, 0.04342233402643845, 0.00027063599458728013, 0.018428027194380272, 0.7971232756293531, 0.002547016514295296, 0.024508417179388304, 0.0002699074993124826, 0.0003572071730517696, 4.4014084507042256e-05


studied_case='Loc'
-0.0, 0.008264462809917356, 0.012234563429141771, -0.0, -0.0, 0.007550091956248185, -0.0, -0.0, -0.0, 0.0016666666666666668, -0.0, -0.0, -0.0, -0.0, -0.0, -0.0, -0.0, -0.0, -0.0, 0.003013056578506863, 0.0041841004184100415, -0.0, -0.0, -0.0, 0.1903010857646688, -0.0, 0.006949928921181488, -0.0, 0.7289879931389366, 0.0024691358024691358, 0.0026303755784558083, -0.0, 0.03174853893539725, -0.0, -0.0
2.6625914372230404e-05, 0.00952757653422672, 0.030815795685186453, 0.0348429281254572, 0.0008916942175446911, 0.013504374502774485, 0.000230215607891596, 0.0001603579302095721, 4.337503257557362e-05, 0.003522733467137828, 3.496069985907385e-05, 0.00833292044140476, 0.0003423137222693816, 0.0013935211670874793, 0.005987986088070819, 0.0005401981763225452, 0.0021669080072599816, 0.0011238747164147255, 7.486421969503779e-06, 0.015961566569461603, 0.01015393299434371, 0.0013351987041727211, 0.0001405177059794614, 0.005159072065617663, 0.1487492039598776, 0.006147475570969315, 0.006114560728108424, 0.02657350363690683, 0.5938250217332833, 0.005549957868025057, 0.004612531850897113, 0.0008732579553769397, 0.04626809770728293, 0.0004736096576315833, 0.014566644834031129


studied_case='Ins'
-0.0, 0.015384615384615385, 0.010498687664041995, -0.0, -0.0, 0.00980392156862745, -0.0, -0.0, -0.0, 0.0027223230490018148, -0.0, -0.0, -0.0, -0.0, -0.0, -0.0, -0.0, 0.002688172043010753, 0.011494252873563218, -0.0, -0.0, -0.0, 0.19135802469135801, -0.0, 0.007909604519774011, 0.007906783187682065, 0.6879698160401457, 0.0049504950495049506, 0.005649676703983267, -0.0, 0.030994374072412244, -0.0, 0.01066925315227914
0.0003486438397610559, 0.013422461098996405, 0.05581709111228339, 0.0019985074966517866, 0.00016049113856509288, 0.009958908745974241, 0.0008288817027829005, 0.0004969736465801143, 0.00011624485587185592, 0.0026974225260555126, 0.004406133845373365, 0.0008710996168186535, 0.0009657641869585164, 0.0028739337181514822, 0.000935613646592587, 0.00044935260102882825, 0.0001251718783067488, 0.008861029418453854, 0.01437825821576352, 0.035601870900252575, 0.0001460065547978341, 0.015350625226322093, 0.1505534219219006, 0.016840668992671733, 0.009239622961765297, 0.0237890109971618, 0.5687309829351942, 0.007472488754087555, 0.006771295230519289, 0.001334067761859712, 0.027133114092223676, 1.0624663490716772e-05, 0.017314215716782808


studied_case='Abl'
-0.0, 0.008771929824561403, 0.049528301886792456, -0.0, 0.0005813953488372093, -0.0, -0.0, 0.0019782393669634025, -0.0, 0.0078125, -0.0, -0.0, -0.0, -0.0, -0.0, -0.0, -0.0, -0.0, 0.010830324909747292, -0.0, -0.0, -0.0, 0.1627110034325735, 0.0017793594306049821, -0.0, 0.004366812227074236, 0.7371052498519153, -0.0, -0.0, -0.0, 0.014534883720930232, -0.0, -0.0
1.2852644431591801e-05, 0.008364772544473379, 0.0334872539235375, 0.008578007282407011, 0.004217649765328181, 0.0005602838117016752, 0.00185476629688957, 0.006832651067155159, 3.15387769262308e-06, 0.015010854619427676, 0.00027998978532766365, 0.0010913818249025909, 0.0006155547277897755, 0.011934474477415776, 0.0006885122554393029, 0.003364596398325395, 0.0007075235013685144, 0.009654436766370896, 0.015129997352685148, 0.0002747092084639064, 0.0001288102759426666, 0.0001997556291989195, 0.16314215489836603, 0.012960217487421311, 0.002334782558512816, 0.02808110805079321, 0.6387722052990544, 0.0070540143151751646, 0.0018784867182856345, 8.915362095048896e-05, 0.015076324227771028, 8.830089084480363e-06, 0.007610734698310159


