studied_case='Acc'
-0.0, -0.0, -0.0, -0.0, -0.0, -0.0, -0.0, -0.0, -0.0, -0.0, -0.0, -0.0, -0.0, -0.0, -0.0, 0.009708737864077669, -0.0, -0.0, 0.01020408163265306, -0.0, -0.0, 0.02692595362752431, 0.02197802197802198, 0.7582410972541229, 0.17045454545454544, -0.0, -0.0, -0.0, 0.0024875621890547263, -0.0, -0.0
0.0006064747086069379, 0.0014713917728882049, 0.0014992333927569604, 6.97069815550083e-05, 0.001416167027720865, 4.297406300427377e-07, 0.0007536326400147079, 0.0025670061130958427, 2.107161600099613e-05, 9.665664659430306e-06, 0.0003412173607048873, 0.002549655515697273, 1.4063313035284853e-05, 0.000200227685789449, 0.0008981526066316418, 0.13254549696501772, 0.0034511930898947136, 0.0013901353753162833, 0.033543549678812665, 1.4174354723284642e-05, 1.3987887584169013e-05, 0.055170014181544214, 0.05208976931403748, 0.5806842979137757, 0.11764258501971991, 0.001820613436310516, 0.003741782099796973, 0.0006972361445774245, 0.003964409296528564, 7.376455473684204e-05, 0.0007388945478361298


studied_case='Dat'
-0.0, -0.0, -0.0, -0.0, -0.0, -0.0, -0.0, -0.0, -0.0, -0.0, -0.0, -0.0, -0.0, -0.0, -0.0, -0.0, 0.31272287138464955, -0.0, -0.0, 0.030303030303030304, -0.0, 0.013986013986013986, 0.6429880843263062, -0.0, -0.0, -0.0, -0.0, -0.0, -0.0
0.0007638177767169185, 0.0011699631703005165, 0.0015053315914322967, 8.289060318109008e-05, 0.0015269566756962248, 0.00046731134281387395, 0.001286934297641078, 2.922609305588029e-06, 0.00012698544420408438, 0.0014062605943669115, 0.0010972029725562203, 0.0006332586730524831, 0.00038870158183991065, 0.05468694166302931, 0.008316975064671108, 0.002366930516713532, 0.29352610087559755, 1.7494484782973963e-05, 9.08611822857039e-07, 0.06446386392236295, 0.03021698820612677, 0.09081787794472371, 0.43413830655660063, 0.002871754576576039, 0.0009226901690657884, 0.00029500109141115797, 0.0059941128998782485, 7.513384700249034e-06, 0.0008980026988300776


studied_case='Nom'
-0.0, 0.0006765184668400245, 0.001763668430335097, -0.0, -0.0, 0.0006946856547412296, -0.0, 0.0015886197061053544, -0.0, -0.0, -0.0, -0.0, -0.0, -0.0, -0.0, -0.0, -0.0, -0.0, -0.0, -0.0, -0.0, -0.0, 0.01481047134690093, 0.9378531073446328, 0.014285714285714285, 0.01060070671378092, -0.0, 0.00018264840182648402, -0.0, 0.017543859649122806, -0.0, -0.0
0.006731298712209741, 0.002455222764352639, 0.002923960963958381, 0.0015902390237215666, 0.001263765277740433, 0.0027779331748208095, 0.0005198230822114589, 0.00295401236044404, 0.0033843449524035493, 2.665462641325081e-05, 3.799599235917234e-05, 0.0004490206300979996, 0.002591171527282407, 0.0005704692951720253, 0.0012117318769639751, 0.003728883483792261, 0.009863649057401983, 0.0033614534960038855, 0.0005885810223387882, 0.0011936393775085275, 5.28716336728427e-06, 0.00024182612349953525, 0.04167309654125533, 0.8412153842885366, 0.01925117505232683, 0.024926026088136655, 0.0004969997249461943, 0.00219390260789851, 0.0010818030606406241, 0.0164981374283694, 0.0008702876583133575, 0.003322223565512976


studied_case='Gen'
-0.0, -0.0, -0.0, -0.0, -0.0, -0.0, -0.0, -0.0, -0.0, -0.0, -0.0, -0.0, -0.0, -0.0, -0.0, -0.0, -0.0, -0.0, -0.0, 0.7207813063875858, 0.01647058823529412, 0.025, 0.23529411764705882, -0.0, -0.0, -0.0, 0.00245398773006135, -0.0
0.003589703784732719, 0.007431748922544373, 0.0026700594105465254, 0.0004015559064550985, 0.000819313388628354, 0.0014653143227943014, 0.0017683719309472942, 2.9673392182603066e-05, 7.832915586542894e-05, 0.001985338423662957, 0.0006368710935492294, 7.094915783349652e-06, 0.0005378954506068417, 0.005637115560281917, 0.005185713748838933, 0.0013646210526641962, 0.015043569572787985, 3.169270750800241e-06, 0.0001312995583854206, 0.5553130273016429, 0.047988321150290246, 0.0857589307484191, 0.24286181458355685, 0.002324747349910354, 0.003233371316904835, 0.0014218459017249047, 0.011178571639526371, 0.0011326111460154562


studied_case='Abs'
-0.0, 0.03571428571428571, 0.03571428571428574, 0.29761904761904756, 0.5238095238095238, 0.10714285714285714, -0.0
0.06666666666666667, 0.02182539682539682, 0.08287037037037037, 0.41825396825396827, 0.3386243386243386, 0.0658068783068783, 0.005952380952380952


studied_case='Erg'
-0.0, -0.0, 1.0, -0.0
0.008547008547008548, 0.025641025641025644, 0.9499389499389499, 0.015873015873015872


studied_case='Loc'
-0.0, -0.0, -0.0, -0.0, -0.0, -0.0, -0.0, -0.0, -0.0, -0.0, -0.0, -0.0, -0.0, -0.0, -0.0, -0.0, 0.09571788413098235, -0.0, -0.0, 0.8840800956669974, -0.0, -0.0, -0.0, 0.020202020202020204, -0.0
0.006077918206734653, 0.006007602390593012, 2.9286007145785744e-05, 0.0007941266564757879, 0.006450611691048265, 0.0008649765531737463, 0.002166478746981497, 0.0005873361236916873, 0.003988245172124265, 0.0005782362930688777, 0.00037388784998727636, 0.024158318526811332, 0.004282543683219967, 0.008712579737800891, 4.266939750810719e-05, 2.9286007145785744e-05, 0.10038314100229981, 0.005603023100216543, 0.020509187891267364, 0.7676271717349882, 0.005355383962053316, 0.003656596762620741, 0.0012633416729853682, 0.02933118062820532, 0.0011268702018525593


studied_case='Ins'
-0.0, -0.0, -0.0, -0.0, -0.0, -0.0, -0.0, -0.0, -0.0, -0.0, -0.0, -0.0, -0.0, -0.0, -0.0, 0.003003003003003003, -0.0, -0.0, 0.1111111111111111, -0.0, -0.0, 0.8571428571428571, -0.0, -0.0, -0.0, 0.028743028743028844, -0.0
0.0076495310173246315, 0.010331692208827584, 0.004179102295356185, 0.0041567280168003165, 0.0005983089020535976, 0.00011567314526826662, 0.0030696754900384304, 0.0009793485203321269, 0.0008100969550955757, 0.007099346940230882, 0.00117096018735363, 0.0011790761398324042, 0.0001767534695414735, 0.02391391655227933, 0.001373665527684804, 0.0366370139557866, 3.473186996387885e-05, 0.0006495750056166933, 0.10148364426379886, 0.011279359906598101, 0.017588088041330698, 0.7196146947993989, 0.0070866559469851854, 0.0070011893026920334, 0.0005122950819672131, 0.028010778329089582, 0.003298098128753052


studied_case='Abl'
-0.0, -0.0, -0.0, -0.0, -0.0, -0.0, -0.0, -0.0, -0.0, -0.0, -0.0, -0.0, -0.0, -0.0, -0.0, 0.1315789473684211, -0.0, -0.0, 0.868421052631579, -0.0, -0.0, -0.0, -0.0, -0.0
0.005855266162406577, 0.007568788100669336, 0.002593825512428395, 0.00013908174106328728, 0.0007892858961466696, 0.0003566899175649968, 4.2799974320015404e-06, 0.0006806601367612668, 0.00013908174106328728, 0.0015277573505281213, 0.005339003071107961, 0.0009694364992582315, 0.003239511526581709, 0.00024588148512417015, 0.00015337838494873415, 0.16887711663746677, 0.050371703194820185, 0.012291247962775082, 0.7212050049717499, 0.005786169306358333, 0.0014485597341361252, 2.7595494207705767e-05, 0.007364329801325063, 0.0030263453740762103


